2002.50     3.076    34.823
1988.90     3.091    34.823
1963.10     3.128    34.823
1937.90     3.181    34.825
1913.00     3.265    34.831
1887.90     3.332    34.835
1862.90     3.426    34.843
1837.70     3.518    34.849
1812.60     3.620    34.855
1787.70     3.683    34.855
1762.60     3.738    34.858
1737.60     3.817    34.864
1712.60     3.872    34.868
1688.50     3.934    34.872
1662.60     4.014    34.878
 513.30    11.784    35.469
 488.20    11.981    35.481
 463.10    12.124    35.476
 437.90    12.241    35.473
 412.90    12.410    35.456
 387.90    12.612    35.445
 362.60    12.910    35.447
 338.10    13.353    35.479
 312.90    13.633    35.459
 287.90    14.617    35.575
 262.60    15.757    35.674
 238.40    16.396    35.549
 213.00    17.007    35.387
 195.80    17.720    35.410
 185.70    18.135    35.412
 175.50    18.539    35.398
 165.10    19.090    35.379
 155.10    19.935    35.427
 145.20    21.218    35.541
 135.80    22.032    35.654
 125.50    22.883    35.724
 115.10    24.172    35.892
 105.10    25.065    35.974
  95.70    25.955    36.112
  85.10    26.508    36.198
  75.30    26.716    36.003
  66.00    27.171    35.876
  55.20    27.806    35.767
  45.30    28.306    35.419
  35.00    29.146    35.218
  25.50    29.358    35.231
  15.40    29.383    35.234
   9.90    29.385    35.234
   8.90    29.384    35.235
   7.90    29.383    35.235
   6.90    29.385    35.235
   5.90    29.385    35.235
   4.90    29.384    35.235
   4.00    29.383    35.235
   3.00    29.376    35.238
   2.20    29.371    35.239
   1.00    29.368    35.237
   0.20    29.349    35.248
