1986.10     3.169    34.830
1962.40     3.256    34.837
1938.40     3.353    34.845
1912.80     3.476    34.853
1887.80     3.572    34.860
1862.90     3.670    34.867
1837.80     3.756    34.870
1813.00     3.826    34.873
1787.80     3.953    34.884
1763.10     4.111    34.897
1738.00     4.246    34.908
1712.60     4.348    34.915
1687.50     4.418    34.919
1662.60     4.503    34.924
1638.00     4.592    34.930
1612.90     4.680    34.934
1587.60     4.767    34.939
1562.80     4.865    34.943
1537.80     4.971    34.950
1512.90     5.109    34.961
1487.70     5.226    34.969
1462.50     5.343    34.979
1438.00     5.468    34.986
1413.70     5.609    34.998
1387.70     5.765    35.011
1362.70     5.923    35.024
1338.00     6.082    35.037
1313.20     6.233    35.051
1288.00     6.394    35.070
1262.90     6.480    35.071
1237.90     6.686    35.096
1212.60     6.855    35.114
1187.70     7.003    35.123
1162.80     7.230    35.142
1138.20     7.365    35.146
1113.10     7.504    35.153
1087.70     7.718    35.172
1062.90     7.944    35.195
1038.00     8.145    35.219
1012.90     8.288    35.230
 987.90     8.406    35.234
 963.00     8.604    35.257
 938.30     8.989    35.322
 912.90     9.145    35.335
 887.70     9.227    35.331
 862.80     9.254    35.306
 837.90     9.393    35.315
 813.10     9.469    35.300
 788.20     9.899    35.362
 762.90    10.275    35.421
 737.90    10.511    35.450
 713.00    10.680    35.457
 688.40    10.859    35.466
 663.20    10.997    35.468
 638.10    10.999    35.435
 612.80    11.024    35.412
 588.00    11.300    35.449
 563.00    11.546    35.480
 537.90    11.783    35.489
 512.90    11.869    35.464
 487.80    11.975    35.457
 462.60    12.203    35.477
 437.50    12.446    35.481
 413.40    12.787    35.490
 387.90    13.018    35.480
 362.70    13.035    35.424
 338.30    13.224    35.375
 312.90    13.587    35.386
 287.00    13.897    35.359
 263.30    14.816    35.389
 237.70    15.976    35.402
 212.90    17.446    35.415
 195.30    18.135    35.409
 185.60    18.471    35.406
 175.50    18.878    35.436
 165.20    19.466    35.458
 155.10    19.885    35.470
 145.20    21.416    35.532
 136.00    22.097    35.556
 125.70    23.178    35.631
 115.60    24.042    35.733
 105.60    24.465    35.728
  95.70    25.166    35.704
  85.60    27.106    36.078
  75.30    27.789    36.054
  65.80    28.057    36.056
  55.80    28.151    36.009
  45.50    28.242    35.883
  35.20    28.540    35.877
  25.40    28.660    35.844
  15.60    28.859    35.897
  10.20    28.968    35.941
   9.30    29.000    35.950
   8.00    29.012    35.947
   6.70    29.069    35.959
   5.90    29.086    35.960
   5.10    29.098    35.961
   3.80    29.145    35.939
   2.70    29.211    35.896
   2.00    29.256    35.885
   0.90    29.363    35.858
   0.20    29.415    35.866
