0xEE74,A,08/28/2025 21:29:15,0,-1.00,-1.0000,-1.0000,155119,2954,577,3.25,3.12,0.00,12.78,0.516,0.00,0.00,772,9,6.22,42.07,1.636e-04,35,75,404A49BD52F15B7662BD686D6C486E326E3F6CEE6ABD6801655662E960F85FBD5F275F55602E619F63AD6656695A6CC6709E74B979227D8381C485F9898A8C6F8E498F078E718C75894984E57FCA7A0A740B,777
0x42B7,A,08/28/2025 21:46:25,0,-1.00,-1.0000,-1.0000,155120,2955,577,3.38,3.19,0.00,13.69,0.482,0.00,0.00,774,8,7.51,42.13,1.625e-04,35,75,3FE4495452805B01624467F46BD06DBC6DCC6C836A5B67AA64F8629260A35F665ECC5EFF5FDB614A635365FD68F16C62703F745278AD7D12814D8582890D8BF38DD08E8C8DF48BF388D084727F56799973A9,775
0x27EA,A,08/28/2025 22:07:01,0,-1.00,-1.0000,-1.0000,155121,2956,577,3.69,3.50,0.00,13.73,0.482,0.00,0.00,771,9,8.58,42.12,1.567e-04,35,75,3F90490352395ABB620867C36BA76D9A6DAF6C6E6A47679564ED628A60A65F615ED05F015FDE6151635365F968FF6C71704D745B78C47D268161859589228BFF8DE78E988E088C1088E7848C7F7779B373C0,775
0xE884,A,08/28/2025 22:26:35,0,-1.00,-1.0000,-1.0000,155122,2957,577,4.00,3.75,0.00,13.74,0.481,0.00,0.00,770,10,10.22,42.28,1.701e-04,35,75,3F4F48C752045A8861E167986B886D896DA66C6E6A46679B64FB629460A85F725EDD5F145FF0615A636E660F69126C85705E747878D97D46817F85B2894B8C318E0B8ECD8E388C3F891C84BF7FA179E173EC,776
0x4BCF,A,08/28/2025 22:47:01,0,-1.00,-1.0000,-1.0000,155123,2958,577,4.44,4.19,0.00,13.75,0.483,0.00,0.00,769,8,11.26,42.12,1.724e-04,35,75,3EFC487F51C05A5361B5677F6B776D7A6D9C6C696A43679C6504629D60B85F805EED5F255FFE616F6384662769306CA07073749D79037D7081AA85E689778C5B8E3D8F028E6A8C74894B84F07FCE7A147415,771
0x12CF,A,08/28/2025 23:06:47,0,-1.00,-1.0000,-1.0000,155124,2959,577,4.94,4.69,0.00,13.81,0.481,0.00,0.00,768,9,12.90,42.16,1.701e-04,35,75,3EBF484A51925A3461A2676D6B736D796DA96C7C6A6267BC651D62BA60D75F9C5F0F5F426020618A63AA664F694D6CCD70A774C779307D9C81DC861789BA8C9B8E7C8F3E8EAD8CB3898F8529800E7A53744C,770
0xF165,A,08/28/2025 23:29:27,0,-1.00,-1.0000,-1.0000,155125,2960,577,5.62,5.31,0.00,13.78,0.484,0.00,0.00,765,9,16.44,41.73,1.551e-04,35,75,3E80480E516C5A1A619267736B896D9B6DC46C9F6A8467E1654762E261025FCB5F375F6B604A61BE63D4667D698A6D0870DD7506796E7DE18221866289F88CE98ED38F958F018D0889E1857680587A99749D,768
0x8D72,A,08/28/2025 23:49:51,0,-1.00,-1.0000,-1.0000,155126,2961,577,6.25,5.94,0.00,13.80,0.484,0.00,0.00,763,8,18.28,41.37,1.569e-04,35,75,3E4347E4514A5A0C619867846B9C6DBC6DEE6CCC6AB068106570630E612C5FF65F655F9A607761E4640666AC69BA6D327114753B79B07E22826486AE8A4A8D328F1E8FDF8F538D5D8A2F85CE80A57AE674D9,768
0x5626,A,08/29/2025 00:12:29,0,-1.00,-1.0000,-1.0000,155127,2962,577,6.94,6.62,0.00,13.47,0.501,0.00,0.00,761,9,17.88,41.44,1.558e-04,35,75,3E1147BF51355A07619D67966BB76DDF6E1B6CF56AE6683E65A26344615C60215F945FCB60AC6219643666E469F66D6E7153757C79EC7E6382B386F78A988D898F7990318FAB8DB28A84861D80FC7B31752C,764
0xECB2,A,08/29/2025 00:32:02,0,-1.00,-1.0000,-1.0000,155128,2963,577,7.56,7.25,0.00,13.83,0.487,0.00,0.00,758,8,22.23,40.25,1.537e-04,35,75,3E2C47F1517D5A57620368046C2E6E5A6E936D6C6B4A68A06601639461A960695FD2600860E76258646F671B6A2A6DA3718B75B87A297EAF82F6873E8AE98DD18FBD90868FFC8E018AD4866E81437B80756B,761
0xF679,A,08/29/2025 00:53:03,0,-1.00,-1.0000,-1.0000,155129,2964,577,8.25,7.94,0.00,13.83,0.487,0.00,0.00,755,9,26.72,38.95,1.621e-04,35,75,3E51482351C95ABB626E68806CAE6ED96F0C6DE46BBA6903666263EC61FA60AD601960456127629664A967576A696DE271CB75FC7A787EF0833D878C8B2F8E23901190D6904E8E588B2486BE818E7BC975B2,757
0x38D7,A,08/29/2025 01:03:17,0,-1.00,-1.0000,-1.0000,155130,2965,577,8.69,8.31,0.00,13.83,0.487,0.00,0.00,755,10,29.06,38.25,1.644e-04,35,75,3E79485D520E5B0462C768D76D096F376F656E3E6C0D6954669B6423622D60E860486077614C62BA64D067776A8B6E0971F376237A987F18836E87BE8B618E549049910C907F8E8B8B5A86EF81C37BF275E5,755
0xD608,A,08/29/2025 01:14:56,0,-1.00,-1.0000,-1.0000,155131,2966,577,9.12,8.75,0.00,13.84,0.488,0.00,0.00,752,10,26.27,37.61,1.818e-04,35,75,3ED048C8528F5B97636269736DA46FC26FE46EB56C7A69B766FF647962736127608660AA617B62EB64FC67A96AB56E2D721A764D7AC17F42839187E78B8D8E7F9074913490AC8EBC8B8B871B81E67C18760A,754
0x3769,A,08/29/2025 01:25:05,0,-1.00,-1.0000,-1.0000,155132,2967,577,9.50,9.12,0.00,13.85,0.488,0.00,0.00,751,10,30.57,36.36,1.537e-04,35,75,3F08491152DC5BF163C469E36E13702770506F146CCD6A01673964B362AE615E60AD60D561A6630F651E67CD6ADB6E56724876737AEC7F7683C1880E8BC18EAE90A5917190E58EEE8BB7874D82187C4A7637,752
0x5485,A,08/29/2025 01:35:33,0,-1.00,-1.0000,-1.0000,155133,2968,577,9.88,9.50,0.00,13.86,0.489,0.00,0.00,748,9,29.76,35.56,1.640e-04,35,75,3F674982535E5C83645E6A766EA470C070D06F856D3E6A5E679664FC62F0619260EA610861D66339654A67F26B046E7B726A76967B117F9883E988398BEC8EE190D3919A910D8F1A8BE5877782437C70765D,750
0x4530,A,08/29/2025 01:46:27,0,-1.00,-1.0000,-1.0000,155134,2969,577,10.31,9.94,0.00,13.77,0.492,0.00,0.00,747,9,33.04,34.06,1.578e-04,35,75,3FE24A1253FF5D2E650C6B2E6F5C7169716E701F6DBE6AD367F4654F634261DE6121613B620F636D657A681E6B286EA8729476C87B3C7FC28416886A8C1D8F10910891D391488F528C1987B1827C7CA3768E,748
0xC558,A,08/29/2025 01:55:41,0,-1.00,-1.0000,-1.0000,155135,2970,577,10.75,10.31,0.00,13.84,0.494,0.00,0.00,745,9,33.56,32.82,1.395e-04,35,75,407F4AC654C95E0565F26C0D7038723E723470CA6E576B61686E65C663A4623061776189624D63AB65B468516B646EDA72C476F57B6C7FF6844288A28C548F4B9138920891768F848C4A87D782A17CD476B9,748
0x5614,A,08/29/2025 02:05:37,0,-1.00,-1.0000,-1.0000,155136,2971,577,11.12,10.75,0.00,13.85,0.492,0.00,0.00,743,9,33.17,31.52,1.700e-04,35,75,410E4B7355855ECE66C56CD970F472F472EA71646EE06BDF68DB661F63EA627761B561BF627A63D465E168816B8D6F0672F0771D7B918018847188CD8C788F79916D923891B08FB58C82881482CC7D0076E8,747
0xA224,A,08/29/2025 02:16:49,0,-1.00,-1.0000,-1.0000,155137,2972,577,11.56,11.19,0.00,13.86,0.495,0.00,0.00,744,9,33.81,30.05,1.575e-04,35,75,418B4BFE56315F83677A6D9971B473A1738071F56F5F6C4469396671643362AB61E961F162B16409660A68A26BAD6F25731077417BBF8040849D88F88CAF8FAD91A3926B91DF8FE98CAB884383057D35770B,746
0xF83A,A,08/29/2025 02:26:42,0,-1.00,-1.0000,-1.0000,155138,2973,577,11.94,11.56,0.00,13.85,0.497,0.00,0.00,742,9,35.91,28.42,1.559e-04,35,75,42074C8B56C76023681B6E3D7247742873FD725E6FBF6C8B697466A9645F62D86207620662BF6413661D68B46BBC6F3B732577537BD2805C84B789158CCD8FC691C89293920690118CD18867832E7D577737,742
0x757F,A,08/29/2025 02:36:40,0,-1.00,-1.0000,-1.0000,155139,2974,577,12.38,12.00,0.00,13.88,0.494,0.00,0.00,740,9,33.67,27.46,1.357e-04,35,75,426E4CFF574460AC68A96EBC72CC7499746472AE70046CCC69A966CE647C62FE621F622062D46427662D68CE6BD26F4C733F776D7BE6807D84D889338CE98FED91F292BF9234903C8D108896835E7D817769,744
0xCE20,A,08/29/2025 02:48:52,0,-1.00,-1.0000,-1.0000,155140,2975,577,12.88,12.50,0.00,13.88,0.497,0.00,0.00,740,10,32.14,25.91,1.243e-04,35,75,42D64D7B57C96133692C6F447342750374AE72F070376CF569BD66E3648A62FB6227621862D26422662968C26BD36F4C733B77747BF4808884E9894C8D0C900D920D92E99266906C8D3888C883937DB8779A,742
0xDFE7,A,08/29/2025 02:59:19,0,-1.00,-1.0000,-1.0000,155141,2976,577,13.25,12.88,0.00,13.86,0.495,0.00,0.00,738,8,36.21,24.32,1.624e-04,35,75,43144DC6582561A369A06FB873A77568751E734F708C6D3B69FD671264BA631D623D623362E9643A663D68E06BE56F65735677987C0F80AE8514896E8D34903F9248931F929490A98D67890083C67DED77CB,736
0xCA2D,A,08/29/2025 03:09:08,0,-1.00,-1.0000,-1.0000,155142,2977,577,13.94,13.44,0.00,13.88,0.499,0.00,0.00,737,9,34.38,23.37,1.379e-04,35,75,432C4DF2585461DB69D96FEB73E7759C75407369709D6D456A04671764B4631A623C622D62E06431663368DB6BDF6F60735E77957C1B80B7851D89878D4C905F9269934292BC90CB8D93892983ED7E1277F3,737
0x6D6D,A,08/29/2025 03:20:42,0,-1.00,-1.0000,-1.0000,155143,2978,577,14.56,14.06,0.00,13.89,0.504,0.00,0.00,734,9,37.37,21.76,1.374e-04,35,75,43354E0B588562176A297046743975F7759273AC70D86D7D6A34673264DB63366254624462F6644C664C68ED6BFB6F82737D77C77C4680E7855B89C38D8D90A292AE938C930A91188DDD897684367E5B7836,735
0xDC8B,A,08/29/2025 03:31:44,0,-1.00,-1.0000,-1.0000,155144,2979,577,15.56,14.94,0.00,13.91,0.501,0.00,0.00,732,9,54.57,21.62,1.827e-04,35,75,42D94DE3589B626E6AC771207544772976E1750B723E6EDF6B85687C660D645F636F635263FD653C673669D86CD67058744978807D02819D86098A658E2D913793469418939991A28E5E89EB84A77EC8789D,733
0x77A0,A,08/29/2025 03:46:21,0,-1.00,-1.0000,-1.0000,155145,2980,577,16.88,16.25,0.00,13.97,0.500,0.00,0.00,729,9,52.86,20.54,1.701e-04,35,75,42994DB15871624C6AAA71087532770A76C974F5721F6EBE6B68686865F36447635C634263EA653C673869DC6CE8706F746E78B37D3381DE86528AC58E9791AF93BD949A9416922B8EEC8A73852E7F517922,729
0x11F5,A,08/29/2025 03:56:50,0,-1.00,-1.0000,-1.0000,155146,2981,577,18.12,17.31,0.00,13.90,0.505,0.00,0.00,727,9,60.94,22.55,2.037e-04,35,75,40684B935665606A68FE6F97740E762F7622748E71E26EB06B7C688A662A648E63AD63A9645965AD67B26A626D727105750B79577DE6829187118B878F609282948B956E94FA92F88FB78B4085EF800779D3,727
0x161C,A,08/29/2025 04:16:22,0,-1.00,-1.0000,-1.0000,155147,2982,577,20.44,19.56,0.00,13.86,0.516,0.00,0.00,725,8,75.93,22.07,2.277e-04,35,75,3F524AAB55CD601E69036FE8749B76F2770B758E72F26FBF6C906999673A659564A9649A6543669B689D6B456E5371E975EC7A377ED1837D87FF8C7F9059937E958A966795E393E890A18C1986C980CE7A95,726
0x9CB5,A,08/29/2025 04:18:14,0,-1.00,-1.0000,-1.0000,155148,2983,577,20.88,19.88,0.00,13.88,0.515,0.00,0.00,724,9,80.17,19.39,2.304e-04,35,75,40334BB956FF616F6A5D715075F7783F783876A073E670936D416A3B67C1660E651264F2659366E368DC6B7C6E8E721A761A7A687F0183AA88308CA7907C939D95B0968D9615940F90D08C4686F480F97AB9,725
0x3316,A,08/29/2025 04:20:33,0,-1.00,-1.0000,-1.0000,155149,2984,577,21.44,20.31,0.00,13.94,0.509,0.00,0.00,723,10,82.98,16.67,2.518e-04,35,75,41494D01586C62FC6BFA72EC778B79BA799377D574F9717C6E116AEE6858668C657F655A65EB672569256BBE6EBB725076477A927F2483D388568CCD90AA93CC95DD96B79638943390F08C6A870D81187AE2,725
0xFE9D,A,08/29/2025 04:23:05,0,-1.00,-1.0000,-1.0000,155150,2985,577,22.12,20.88,0.00,13.93,0.514,0.00,0.00,724,9,84.00,14.36,2.358e-04,35,75,422A4E03599A643A6D44743A78C97AEE7AAA78C375C772336EA16B7268C566F065DA65A26629676469566BEA6EF0727276727ABC7F4983F988838CF390D293F1960196E29664945E91168C8B873781437B05,721
0x2D8F,A,08/29/2025 04:25:41,0,-1.00,-1.0000,-1.0000,155151,2986,577,22.62,21.38,0.00,13.93,0.510,0.00,0.00,723,8,88.02,12.31,2.687e-04,35,75,42FD4EFD5AAC65696E7E756E79FA7C047BB079BE76A872F66F516C03694C6765664265FD667D67B6699C6C2C6F2E72BA76B57AFF7F93843888C48D449116943A9656972C96B194B391698CDD878481877B4A,725
0xDBA5,A,08/29/2025 04:35:12,0,-1.00,-1.0000,-1.0000,155152,2987,577,24.75,23.31,0.00,13.90,0.518,0.00,0.00,727,10,98.49,-0.35,3.330e-04,35,75,4862552B616F6C8575BA7C7D80B1822D81397E887AC3766772336E606B3968F167846704675168586A186C8E6F7C72EE76D47B0D7F97843788BB8D2D910A9423963997199694949C915A8CD38778817D7B45,726
0xC6DC,A,08/29/2025 04:35:33,0,-1.00,-1.0000,-1.0000,155153,2988,577,24.88,23.44,0.00,13.83,0.521,0.00,0.00,727,9,101.14,-0.59,3.271e-04,35,75,484354F461356C44757B7C38805881DF80E27E3C7A73761771E66E236AF668B5673566C1670C681369D76C416F29729476797ABD7F3B83DE885D8CC4909E93BE95CD96B19633943390F48C748720812B7AF7,727
0x58D4,A,08/29/2025 04:35:55,0,-1.00,-1.0000,-1.0000,155154,2989,577,24.94,23.56,0.00,13.73,0.526,0.00,0.00,726,9,98.82,-0.42,3.237e-04,35,75,4879553861876C9B75D67C8E80CB824181497E977ABF767472366E686B3D68F8677D66FC674D68516A1A6C8B6F6E72DB76C57B007F84842288A78D1890F6940F96299708968E948F914C8CC98774817D7B3F,726
0x4A74,A,08/29/2025 04:36:17,0,-1.00,-1.0000,-1.0000,155155,2990,577,25.06,23.69,0.00,13.86,0.516,0.00,0.00,725,9,102.89,-0.77,3.390e-04,35,75,488E555261986CB175ED7CB180DF825F81667EBE7AF2768A725B6E886B5E690E679D671A6767686E6A316CAB6F9172FE76E77B2A7FA5844F88D28D49911F94399654973596BC94B891788CF48798819F7B61,729
0x8442,A,08/29/2025 04:36:43,0,-1.00,-1.0000,-1.0000,155156,2991,577,25.19,23.88,0.00,13.86,0.526,0.00,0.00,728,10,99.08,-0.60,3.369e-04,35,75,48A3556B61C26CE1761F7CE08112828F81937EE47B1476B2727A6EA66B75693567B367356785688E6A4D6CC96FA8731D77097B417FC8847088EE8D64914194619678975A96DE94DF919D8D1587B581BC7B84,728
0xFAAC,A,08/29/2025 04:37:07,0,-1.00,-1.0000,-1.0000,155157,2992,577,25.31,23.94,0.00,13.91,0.517,0.00,0.00,728,10,102.45,-1.00,3.433e-04,35,75,489E556361B86CD076177CD681058284818B7EDD7B0B76AB72716E9F6B72692867AD672E677A68886A406CB56FA6730D77027B3C7FC0846A88E98D60913C9456966D974E96E194D591978D0787B481BD7B7C,727
0x9543,A,08/29/2025 04:37:31,0,-1.00,-1.0000,-1.0000,155158,2993,577,25.38,24.06,0.00,13.92,0.515,0.00,0.00,728,9,98.97,-0.64,3.372e-04,35,75,48B8558E61E66D05764D7D13814682C181BE7F127B4576E672A06ECC6BA1695367DB675B67A668AF6A6E6CED6FCD7342772C7B6C7FEF849A891E8D9591739491969F978F9714951091CF8D4287E981EA7BAC,730
0x6465,A,08/29/2025 04:37:55,0,-1.00,-1.0000,-1.0000,155159,2994,577,25.50,24.12,0.00,13.91,0.523,0.00,0.00,728,9,101.49,-0.93,3.377e-04,35,75,4859551061596C6475A17C5B8088820081037E567A93763471FD6E316B0368BE674966C56718682069D96C536F33729F768B7AC37F4883EC88698CD890B193D195E496C19645944F910F8C8D873E81427B0E,730
0x7948,A,08/29/2025 04:38:19,0,-1.00,-1.0000,-1.0000,155160,2995,577,25.56,24.25,0.00,13.90,0.523,0.00,0.00,730,10,100.24,-0.68,3.526e-04,35,75,48F055C862296D4C769F7D608198831A821D7F647B99772C72EF6F176BE5699F6821679F67F168F46AB46D2B7017738C77807BB2804584F3897E8DF691DE94FE970D97F79775957392338DA6884082427C03,732
0x0BC3,A,08/29/2025 04:38:43,0,-1.00,-1.0000,-1.0000,155161,2996,577,25.69,24.31,0.00,13.94,0.517,0.00,0.00,730,10,100.70,-0.85,3.474e-04,35,75,48CB559E62006D1976657D2A816282DE81E47F337B5E76F972BA6EE96BB2696F67F0677267C068C96A886CFF6FE87353774A7B86801084BD89408DB3919794BA96D297B39741953B91EF8D6D880F82157BCE,731
0x63D7,A,08/29/2025 04:39:07,0,-1.00,-1.0000,-1.0000,155162,2997,577,25.75,24.38,0.00,13.92,0.525,0.00,0.00,732,9,103.70,-1.32,3.367e-04,35,75,48F755CF62346D6376AE7D7D81B4833A82317F877BAF774673076F2D6BFF69B2682F67B167FC69086ACD6D45702D73A977977BDC8067851589978E1A91FA95199739981497A095A392528DCE886B826B7C20,733
0x0C4C,A,08/29/2025 04:39:31,0,-1.00,-1.0000,-1.0000,155163,2998,577,25.81,24.44,0.00,13.93,0.524,0.00,0.00,732,9,101.82,-0.99,3.374e-04,35,75,490255E162426D7376B87D8A81C6833D82447F917BBE775673156F396C0569C0683F67BC680C69176ADE6D53703C73B7779F7BE68075852489AF8E2F920E9531974E982A97B595B6926A8DE6887E82827C35,732
0x5D89,A,08/29/2025 04:39:55,0,-1.00,-1.0000,-1.0000,155164,2999,577,25.88,24.50,0.00,13.91,0.524,0.00,0.00,732,10,101.61,-0.95,3.326e-04,35,75,48D755AA620A6D33767A7D44817F82FD82037F4D7B7A771A72DD6F066BD1698E680E679267DD68E96AAA6D237016737C77757BB1804084EE89798DF091D89500971497F49781957A923B8DB3885082557C11,733
0xAA7B,A,08/29/2025 04:40:19,0,-1.00,-1.0000,-1.0000,155165,3000,577,25.94,24.56,0.00,13.94,0.525,0.00,0.00,732,10,100.59,-0.79,3.259e-04,35,75,48F755C862336D5A76AA7D7581AD832C82287F737BA2773F72FE6F276BF769A7682E67AF67FA69016AC66D3D7028739B77907BC680588504898D8E1491EF950C9729981497909594924F8DBF886582657C1C,734
0x0EFB,A,08/29/2025 04:40:43,0,-1.00,-1.0000,-1.0000,155166,3001,577,25.94,24.69,0.00,13.94,0.517,0.00,0.00,733,9,100.44,-0.87,3.441e-04,35,75,491055F062586D8C76DA7DA481E5835F82597FAE7BD17773732F6F586C1B69D6685B67D46825692A6AF06D6D705873C877C07C01808D854489CC8E47922A9552976E985597D895D6928F8E0888A482A47C59,733
0x08B4,A,08/29/2025 04:41:07,0,-1.00,-1.0000,-1.0000,155167,3002,577,26.00,24.75,0.00,13.90,0.528,0.00,0.00,733,9,100.77,-0.82,3.293e-04,35,75,493D5627628C6DC9771E7DF4822F83A982A57FF47C1C77B2736F6F996C5E6A19688F68106865696E6B296DAA709A740F78007C4480DD858B8A1D8E9F928095A897C598AF9832963092E78E5288F682F07CA3,734
0x7858,A,08/29/2025 04:41:31,0,-1.00,-1.0000,-1.0000,155168,3003,577,26.06,24.81,0.00,13.94,0.519,0.00,0.00,733,10,102.30,-0.97,3.299e-04,35,75,48CD559B61F26D1A76617D2C816582DA81DE7F2A7B6076FA72C36EE46BB8697367F9677567C168C76A8E6D066FEA735E774C7B8C801784C4894E8DC091A594C696DF97C5974B954B920F8D80882C82297BE8,736
0x3892,A,08/29/2025 04:41:55,0,-1.00,-1.0000,-1.0000,155169,3004,577,26.12,24.88,0.00,13.91,0.525,0.00,0.00,734,10,101.83,-0.95,3.367e-04,35,75,4937561A62876DBE77077DDB8220839782947FDF7C0D77A5735E6F7D6C446A03688567FD684E69566B156D93708173F477E47C2480C0856F89F78E7B92619588979F9884980C960C92C08E2988CE82CE7C7F,735
0x475A,A,08/29/2025 04:42:19,0,-1.00,-1.0000,-1.0000,155170,3005,577,26.19,24.94,0.00,13.92,0.529,0.00,0.00,736,9,102.02,-0.96,3.406e-04,35,75,494C562B62A26DD9772A7DFD823D83B582B4800A7C2D77C1737A6F9D6C666A24689C6818686A69756B376DB2709F741178097C4780E185988A208EA8928095AD97CF98B8983D963792EC8E65890582FB7CAF,736
0xEF0B,A,08/29/2025 04:42:43,0,-1.00,-1.0000,-1.0000,155171,3006,577,26.19,24.94,0.00,13.90,0.528,0.00,0.00,736,9,100.13,-0.83,3.373e-04,35,75,4939561B628C6DC677187DE5822583A0829E7FEC7C0E77A873656F816C566A0668886805685969576B206D9B708773F677F17C3280C385778A078E88926B958F97AD98929818961B92CF8E4388DC82DB7C95,737
0xB4B6,A,08/29/2025 04:43:07,0,-1.00,-1.0000,-1.0000,155172,3007,577,26.25,25.00,0.00,13.90,0.524,0.00,0.00,736,10,100.79,-0.93,3.504e-04,35,75,492D561662816DB177007DCC82148390828E7FD47BFD779873516F746C3E69F2687667F1684069496B136D87707173E977DD7C1980AE856289E68E6A92509582979E987D9807960792BE8E2E88D082C97C82,738
0x1BAB,A,08/29/2025 04:43:31,0,-1.00,-1.0000,-1.0000,155173,3008,577,26.31,25.06,0.00,13.92,0.528,0.00,0.00,738,10,102.68,-1.13,3.239e-04,35,75,4974565D62DA6E11776D7E4C828F840382FD804A7C71780173BC6FDD6C9F6A5A68D46854689B69A76B6D6DEE70DA745178467C8E812385D88A638EE892D095FD981999019885967C93358EA9893E833A7CE2,739
0x4458,A,08/29/2025 04:43:55,0,-1.00,-1.0000,-1.0000,155174,3009,577,26.31,25.12,0.00,13.92,0.519,0.00,0.00,738,9,99.87,-0.79,3.335e-04,35,75,4940562462956DC5771B7DEC822F83A782A97FF17C1877B1736E6F8C6C5B6A1868906819686269726B306DAC70987417780E7C4C80E285928A1D8EAE929295B597D298BF9842963F92F48E67890783067CB6,739
