2007.80     2.857    34.794
1987.60     2.915    34.797
1962.70     2.966    34.799
1937.70     3.025    34.802
1913.00     3.108    34.805
1889.00     3.187    34.809
1863.30     3.258    34.813
1837.90     3.321    34.816
1812.90     3.421    34.820
1788.00     3.496    34.823
1762.60     3.575    34.827
1737.80     3.705    34.833
1712.70     3.833    34.838
1687.70     3.935    34.843
1662.90     4.021    34.846
1638.00     4.094    34.849
1612.70     4.165    34.852
1587.80     4.254    34.856
1562.80     4.343    34.860
1537.80     4.460    34.865
1512.90     4.576    34.870
1488.10     4.657    34.871
1463.20     4.742    34.874
1438.10     4.857    34.880
1413.20     4.986    34.886
1388.00     5.100    34.890
1362.80     5.166    34.893
1338.00     5.239    34.896
1313.10     5.290    34.898
1287.80     5.423    34.902
1263.60     5.519    34.904
1237.70     5.637    34.908
1212.70     5.732    34.910
1187.80     5.849    34.913
1162.50     5.957    34.917
1137.70     6.092    34.923
1112.90     6.237    34.931
1087.90     6.345    34.937
1062.80     6.469    34.944
1037.80     6.588    34.952
1013.20     6.706    34.959
 988.40     6.822    34.964
 963.00     6.976    34.970
 937.40     7.189    34.983
 912.90     7.368    34.997
 887.90     7.537    35.007
 862.70     7.648    35.011
 837.90     7.811    35.020
 812.80     8.016    35.027
 787.50     8.191    35.030
 762.90     8.295    35.020
 738.00     8.465    35.024
 712.80     8.611    35.029
 687.90     8.761    35.035
 663.00     8.943    35.045
 638.70     9.061    35.045
 613.20     9.267    35.052
 588.00     9.446    35.057
 563.10     9.614    35.062
 537.80     9.856    35.067
 512.60    10.176    35.079
 487.60    10.389    35.080
 463.00    10.512    35.069
 438.20    10.682    35.066
 413.00    10.929    35.072
 388.10    11.161    35.078
 362.80    11.326    35.080
 337.50    11.522    35.082
 313.00    11.736    35.087
 287.80    12.035    35.094
 263.10    12.368    35.104
 238.20    12.827    35.110
 212.80    13.488    35.132
 195.70    13.968    35.116
 185.70    14.311    35.115
2007.80     2.857    34.794
1987.60     2.915    34.797
1962.70     2.966    34.799
1937.70     3.025    34.802
1913.00     3.108    34.805
1889.00     3.187    34.809
1863.30     3.258    34.813
1837.90     3.321    34.816
1812.90     3.421    34.820
1788.00     3.496    34.823
1762.60     3.575    34.827
1737.80     3.705    34.833
1712.70     3.833    34.838
1687.70     3.935    34.843
1662.90     4.021    34.846
1638.00     4.094    34.849
1612.70     4.165    34.852
1587.80     4.254    34.856
1562.80     4.343    34.860
1537.80     4.460    34.865
1512.90     4.576    34.870
1488.10     4.657    34.871
1463.20     4.742    34.874
1438.10     4.857    34.880
1413.20     4.986    34.886
1388.00     5.100    34.890
1362.80     5.166    34.893
1338.00     5.239    34.896
1313.10     5.290    34.898
1287.80     5.423    34.902
1263.60     5.519    34.904
1237.70     5.637    34.908
1212.70     5.732    34.910
1187.80     5.849    34.913
1162.50     5.957    34.917
1137.70     6.092    34.923
1112.90     6.237    34.931
1087.90     6.345    34.937
1062.80     6.469    34.944
1037.80     6.588    34.952
1013.20     6.706    34.959
 988.40     6.822    34.964
 963.00     6.976    34.970
 937.40     7.189    34.983
 912.90     7.368    34.997
 887.90     7.537    35.007
 862.70     7.648    35.011
 837.90     7.811    35.020
 812.80     8.016    35.027
 787.50     8.191    35.030
 762.90     8.295    35.020
 738.00     8.465    35.024
 712.80     8.611    35.029
 687.90     8.761    35.035
 663.00     8.943    35.045
 638.70     9.061    35.045
 613.20     9.267    35.052
 588.00     9.446    35.057
 563.10     9.614    35.062
 537.80     9.856    35.067
 512.60    10.176    35.079
 487.60    10.389    35.080
 463.00    10.512    35.069
 438.20    10.682    35.066
 413.00    10.929    35.072
 388.10    11.161    35.078
 362.80    11.326    35.080
 337.50    11.522    35.082
 313.00    11.736    35.087
 287.80    12.035    35.094
 263.10    12.368    35.104
 238.20    12.827    35.110
 212.80    13.488    35.132
 195.70    13.968    35.116
 185.70    14.311    35.115
