2033.80     2.780    34.788
2012.50     2.843    34.791
1987.70     2.892    34.793
1962.80     2.941    34.795
1937.60     3.019    34.798
1912.70     3.081    34.802
1887.90     3.132    34.804
1863.00     3.207    34.807
1837.80     3.306    34.812
1812.70     3.377    34.815
1787.90     3.452    34.818
1763.30     3.524    34.821
1738.00     3.583    34.823
1712.60     3.641    34.826
1687.60     3.712    34.829
1662.70     3.825    34.834
1638.00     3.919    34.838
1612.80     3.976    34.840
1587.70     4.034    34.843
1563.10     4.108    34.845
1537.60     4.193    34.849
1512.80     4.293    34.854
1488.00     4.411    34.859
1462.90     4.533    34.864
1437.80     4.703    34.871
1412.80     4.821    34.876
1388.20     5.072    34.887
1363.10     5.232    34.893
1337.90     5.324    34.895
1314.00     5.451    34.899
1288.20     5.586    34.903
1262.80     5.701    34.906
1237.90     5.795    34.910
1212.80     5.886    34.913
1187.40     6.008    34.919
1162.20     6.132    34.924
1137.50     6.256    34.933
1112.70     6.404    34.942
1087.60     6.523    34.943
1063.40     6.660    34.949
1038.10     6.795    34.956
1012.50     6.970    34.965
 987.80     7.180    34.976
 962.60     7.334    34.985
 937.60     7.508    34.995
 912.90     7.690    35.000
 888.10     7.890    35.012
 863.10     8.110    35.026
 838.30     8.257    35.033
 813.00     8.422    35.038
 787.90     8.536    35.035
 762.80     8.627    35.027
 737.70     8.751    35.033
 712.80     8.919    35.043
 687.60     9.087    35.047
 663.20     9.179    35.048
 638.20     9.357    35.049
 613.00     9.519    35.050
 587.90     9.696    35.050
 563.00     9.861    35.052
 537.90    10.048    35.056
 512.80    10.186    35.052
 487.70    10.247    35.048
 462.60    10.454    35.055
 437.50    10.624    35.051
 412.80    10.745    35.045
 388.20    10.855    35.049
 362.60    11.012    35.056
 337.80    11.235    35.063
 313.30    11.551    35.078
 288.00    11.849    35.088
 263.10    12.245    35.098
 238.40    12.594    35.104
 212.60    12.986    35.109
 195.50    13.231    35.097
 185.70    13.509    35.104
 175.50    14.005    35.094
 165.10    14.557    35.072
 155.90    15.187    35.093
 145.80    16.010    35.058
 135.40    16.371    35.036
 125.10    17.418    34.965
 115.00    18.752    34.797
 105.80    20.979    34.740
  95.00    23.059    34.832
  85.90    26.649    35.137
  75.30    28.695    35.162
  66.00    29.278    35.106
  55.50    29.570    35.024
  45.50    29.689    35.030
  35.60    29.755    35.039
  25.50    29.898    35.021
  15.50    30.069    34.948
   9.50    30.076    34.941
   8.60    30.077    34.940
   7.70    30.078    34.940
   6.80    30.082    34.942
   5.90    30.103    34.941
   5.00    30.137    34.938
   4.20    30.189    34.937
   3.00    30.203    34.921
   1.90    30.220    34.916
   0.80    30.224    34.923
   0.30    30.235    34.906
