1988.80     2.734    34.792
1962.90     2.772    34.793
1937.80     2.839    34.798
1913.60     2.894    34.801
1888.10     2.932    34.801
1863.30     2.983    34.804
1838.20     3.039    34.807
1812.90     3.109    34.811
1787.90     3.177    34.815
1762.80     3.316    34.826
1737.80     3.428    34.835
1712.60     3.510    34.837
1687.50     3.635    34.845
1663.40     3.778    34.854
1638.10     3.905    34.862
1612.80     4.022    34.870
1587.50     4.137    34.878
1562.80     4.202    34.883
1537.70     4.319    34.890
1512.60     4.471    34.902
1488.00     4.642    34.916
1463.60     4.805    34.928
1438.00     4.939    34.933
1413.10     5.059    34.938
1388.00     5.204    34.948
1363.20     5.419    34.962
1338.40     5.547    34.966
1313.00     5.672    34.974
1287.70     5.811    34.986
1263.30     5.920    34.993
1238.10     6.081    35.011
1212.50     6.273    35.034
1187.40     6.464    35.055
1162.70     6.662    35.077
1138.80     6.907    35.106
1113.10     7.115    35.127
1087.90     7.432    35.157
1063.00     7.670    35.179
1037.90     7.933    35.204
1013.00     8.193    35.232
 988.30     8.346    35.246
 963.00     8.527    35.260
 937.60     8.671    35.272
 912.40     8.828    35.283
 887.60     8.991    35.296
 862.90     9.195    35.309
 837.90     9.423    35.327
 812.70     9.617    35.338
 787.90     9.721    35.339
 763.20     9.847    35.346
 738.00     9.845    35.320
 713.30     9.939    35.281
 688.00     9.885    35.243
 662.50    10.026    35.254
 637.30    10.399    35.305
 613.20    10.542    35.310
 587.80    10.733    35.315
 562.70    10.908    35.315
 537.70    11.033    35.307
 513.10    11.165    35.303
 488.10    11.268    35.294
 462.80    11.443    35.295
 437.70    11.596    35.290
 412.80    11.760    35.289
 388.10    11.940    35.278
 363.00    12.111    35.269
 337.70    12.339    35.264
 313.90    12.676    35.272
 287.70    13.003    35.263
 262.50    13.491    35.273
 237.60    14.220    35.275
 213.40    15.104    35.307
 195.50    16.045    35.329
 185.40    16.473    35.331
 175.20    17.198    35.348
 165.50    17.773    35.281
 155.30    18.252    35.244
 145.40    18.936    35.171
 135.80    20.074    35.269
 125.70    20.948    35.365
 115.60    22.004    35.423
 105.30    23.246    35.516
  95.50    25.718    35.869
  85.70    27.039    35.963
  75.20    27.919    36.056
  65.00    28.432    36.053
  55.60    28.628    35.598
  45.20    29.443    35.413
  34.80    30.259    35.035
  25.50    30.373    34.776
  15.50    30.352    34.760
  10.30    30.346    34.760
   9.00    30.353    34.761
   7.80    30.353    34.760
   7.00    30.349    34.761
   6.20    30.346    34.761
   4.90    30.345    34.762
   3.70    30.350    34.760
   2.80    30.346    34.762
   1.90    30.348    34.760
   1.00    30.347    34.760
   0.20    30.345    34.762
