2014.10     2.873    34.797
1988.10     2.939    34.801
1963.10     2.995    34.804
1937.90     3.052    34.807
1913.00     3.119    34.813
1888.00     3.179    34.817
1862.80     3.230    34.820
1838.10     3.283    34.823
1812.80     3.388    34.832
1787.70     3.458    34.837
1763.00     3.545    34.844
1738.10     3.610    34.847
1713.00     3.677    34.848
1688.20     3.774    34.854
1663.00     3.856    34.859
1637.70     3.994    34.871
1612.80     4.094    34.876
1588.10     4.216    34.882
1562.90     4.343    34.891
1537.70     4.462    34.901
1512.70     4.592    34.909
1487.50     4.721    34.918
1462.60     4.876    34.931
1437.90     5.023    34.942
1412.90     5.165    34.949
1387.80     5.328    34.962
1363.70     5.485    34.974
1338.30     5.643    34.990
1313.30     5.853    35.011
1288.40     6.023    35.028
 175.90    16.809    35.348
 165.80    17.279    35.357
 155.50    18.232    35.425
 145.20    19.156    35.499
 134.90    20.590    35.640
 125.10    21.656    35.751
 115.10    22.739    35.832
 105.30    23.526    35.838
  95.50    24.678    35.958
  85.60    25.809    36.122
  75.40    26.574    36.187
  65.40    27.858    36.077
  55.10    28.744    36.094
  45.50    29.008    36.109
  35.50    29.010    36.100
  25.40    28.965    36.022
  15.00    28.875    35.945
  10.10    28.870    35.944
   8.80    28.869    35.945
   7.80    28.869    35.945
   7.00    28.869    35.945
   6.10    28.869    35.946
   4.90    28.870    35.945
   3.70    28.869    35.944
   2.70    28.867    35.945
   1.80    28.865    35.942
   0.90    28.863    35.945
   0.20    28.864    35.942
2014.10     2.873    34.797
1988.10     2.939    34.801
1963.10     2.995    34.804
1937.90     3.052    34.807
1913.00     3.119    34.813
1888.00     3.179    34.817
1862.80     3.230    34.820
1838.10     3.283    34.823
1812.80     3.388    34.832
1787.70     3.458    34.837
1763.00     3.545    34.844
1738.10     3.610    34.847
1713.00     3.677    34.848
1688.20     3.774    34.854
1663.00     3.856    34.859
1637.70     3.994    34.871
1612.80     4.094    34.876
1588.10     4.216    34.882
1562.90     4.343    34.891
1537.70     4.462    34.901
1512.70     4.592    34.909
1487.50     4.721    34.918
1462.60     4.876    34.931
1437.90     5.023    34.942
1412.90     5.165    34.949
1387.80     5.328    34.962
1363.70     5.485    34.974
1338.30     5.643    34.990
1313.30     5.853    35.011
1288.40     6.023    35.028
 175.90    16.809    35.348
 165.80    17.279    35.357
 155.50    18.232    35.425
 145.20    19.156    35.499
 134.90    20.590    35.640
 125.10    21.656    35.751
 115.10    22.739    35.832
 105.30    23.526    35.838
  95.50    24.678    35.958
  85.60    25.809    36.122
  75.40    26.574    36.187
  65.40    27.858    36.077
  55.10    28.744    36.094
  45.50    29.008    36.109
  35.50    29.010    36.100
  25.40    28.965    36.022
  15.00    28.875    35.945
  10.10    28.870    35.944
   8.80    28.869    35.945
   7.80    28.869    35.945
   7.00    28.869    35.945
   6.10    28.869    35.946
   4.90    28.870    35.945
   3.70    28.869    35.944
   2.70    28.867    35.945
   1.80    28.865    35.942
   0.90    28.863    35.945
   0.20    28.864    35.942
