UTC 31-10-2010 23:30
02602 093450  81 31 P
      2010-10-30 08:47:10  1         09           F2           A0           00
                                     00           00           00           00
                                     00           00           00           0A
                                     00           7F           C0           1F
                                     E0           1D           6A           70
                                     F9           79           1F           7D
                                     19           04           BF           21
                                     07           F2           BE
      2010-10-30 08:48:30  1         03           0D           40           00
                                     00           00           00           00
                                     00           00           00           08
                                     08           00           00           00
                                     00           23           03           00
                                     C7           12           01           60
                                     06           00           00           3E
                                     70           A5           01
      2010-10-30 08:49:52  1         02           54           B0           00
                                     00           00           00           00
                                     00           00           00           00
                                     00           00           00           00
                                     00           23           18           80
                                     00           00           00           00
                                     00           00           00           3E
                                     00           00           00
      2010-10-30 08:50:32  1         01           8B           B0           00
                                     00           00           00           00
                                     00           00           00           00
                                     00           00           00           00
                                     00           23           23           80
                                     00           00           00           00
                                     00           00           00           3E
                                     00           00           00
      2010-10-30 08:51:52  1         0B           88           40           00
                                     00           00           00           00
                                     00           00           00           00
                                     00           00           00           00
                                     00           23           38           80
                                     00           00           00           00
                                     00           00           00           3E
                                     00           00           00
      2010-10-30 08:53:10  1         0F           B6           70           00
                                     00           00           00           00
                                     00           00           00           00
                                     00           00           00           00
                                     00           23           4D           00
                                     00           00           00           00
                                     00           00           00           3E
                                     00           00           00
      2010-10-30 08:53:50  1         0B           B5           40           00
                                     00           00           00           00
                                     00           00           00           00
                                     00           00           00           00
                                     00           23           58           00
                                     00           00           00           00
                                     00           00           00           3E
                                     00           00           00
      2010-10-30 08:55:10  1         06           6A           80           00
                                     00           00           00           00
                                     00           00           00           00
                                     00           00           00           00
                                     00           23           6D           00
                                     00           00           00           00
                                     00           00           00           3E
                                     00           00           00
      2010-10-30 08:55:50  4         00           00           00           00
                                     00           00           00           00
                                     00           00           00           00
                                     00           00           00           00
                                     00           00           00           00
                                     00           00           00           00
                                     00           00           00           00
                                     00           00           00
      2010-10-30 08:56:32  1         0D           20           A0           00
                                     00           00           00           00
                                     00           00           00           00
                                     00           00           00           00
                                     00           23           83           80
                                     00           00           00           00
                                     00           00           00           3E
                                     00           00           00
