UTC 19-10-2010 23:30
02602 093450  81 31 K
      2010-10-18 11:08:14  1         00           22           80           00
                                     00           00           00           00
                                     00           00           00           00
                                     00           00           00           00
                                     00           2C           79           00
                                     00           00           00           00
                                     00           00           00           3E
                                     00           00           00
      2010-10-18 11:08:56  1         0F           DD           E0           00
                                     00           00           00           00
                                     00           00           00           00
                                     00           00           00           00
                                     00           2C           84           80
                                     00           00           00           00
                                     00           00           00           3E
                                     00           00           00
      2010-10-18 11:09:34  1         05           5D           70           00
                                     00           00           00           00
                                     00           00           00           00
                                     00           00           00           00
                                     00           2C           8E           00
                                     00           00           00           00
                                     00           00           00           3E
                                     00           00           00
      2010-10-18 11:11:38  1         0E           EE           30           00
                                     00           00           00           00
                                     00           00           00           00
                                     00           00           00           00
                                     00           2C           B0           00
                                     00           00           00           00
                                     00           00           00           3E
                                     00           00           00
      2010-10-18 11:12:16  1         0C           B4           90           00
                                     00           00           00           00
                                     00           00           00           00
                                     00           00           00           00
                                     00           2C           B9           80
                                     00           00           00           00
                                     00           00           00           3E
                                     00           00           00
      2010-10-18 11:13:35  1         00           00           00           00
                                     00           00           00           00
                                     00           00           00           00
                                     00           00           00           00
                                     03           E3           FF           FF
                                     FB           FB           80           80
                                     00           3F           DE           BF
                                     F9           8A           3B
      2010-10-18 11:14:54  1         0F           E0           E0           00
                                     00           00           00           00
                                     00           00           00           00
                                     00           00           00           00
                                     00           2C           E4           00
                                     00           00           00           00
                                     00           00           00           3E
                                     00           00           00
      2010-10-18 11:15:36  1         05           60           70           00
                                     00           00           00           00
                                     00           00           00           00
                                     00           00           00           00
                                     00           2C           EE           80
                                     00           00           00           00
                                     00           00           00           3E
                                     00           00           00
      2010-10-18 11:16:14  1         05           55           60           00
                                     00           00           00           00
                                     00           00           00           00
                                     00           00           00           00
                                     00           2C           F9           00
                                     00           00           00           00
                                     00           00           00           3E
                                     00           00           00
      2010-10-18 11:17:37  5         00           00           00           00
                                     00           00           00           00
                                     00           00           00           00
                                     00           00           00           00
                                     00           00           00           00
                                     00           00           00           00
                                     00           00           00           00
                                     00           00           00
