2028.40     0.167    34.674
2012.90     0.173    34.674
1987.90     0.181    34.674
1962.90     0.191    34.675
1937.90     0.202    34.675
1912.90     0.209    34.675
1887.50     0.221    34.676
1863.60     0.230    34.677
1838.20     0.240    34.677
1812.80     0.250    34.678
1787.60     0.256    34.678
1762.70     0.263    34.678
1737.60     0.280    34.679
1712.90     0.291    34.679
1688.00     0.301    34.680
1662.60     0.310    34.680
1637.60     0.312    34.679
1612.80     0.329    34.680
1588.10     0.344    34.681
1563.00     0.357    34.681
1537.70     0.373    34.682
1513.20     0.389    34.683
1487.60     0.413    34.685
1462.50     0.427    34.685
1437.70     0.443    34.686
1413.20     0.455    34.687
1388.30     0.464    34.687
1363.10     0.473    34.687
1338.10     0.487    34.688
1312.90     0.505    34.689
1287.90     0.519    34.690
1262.90     0.541    34.691
1238.20     0.557    34.692
1212.80     0.570    34.692
1187.70     0.570    34.691
1162.60     0.588    34.692
1137.90     0.603    34.692
1113.00     0.618    34.693
1087.90     0.631    34.693
1062.70     0.649    34.694
1037.70     0.667    34.694
1012.80     0.681    34.695
 987.80     0.699    34.695
 962.80     0.726    34.697
 938.60     0.770    34.701
 913.00     0.783    34.701
 887.80     0.805    34.702
 862.90     0.802    34.700
 838.00     0.821    34.701
 812.70     0.848    34.703
 787.90     0.849    34.701
 763.20     0.880    34.703
 737.80     0.890    34.702
 712.50     0.918    34.703
 687.70     0.944    34.705
 662.60     0.975    34.706
 637.70     0.995    34.705
 613.40     1.031    34.707
 587.70     1.042    34.706
 563.00     1.062    34.705
 537.90     1.091    34.705
 512.90     1.120    34.705
 487.70     1.169    34.707
 462.90     1.179    34.705
 437.90     1.209    34.705
 412.50     1.198    34.701
 387.80     1.219    34.699
 362.90     1.188    34.692
 337.80     1.195    34.688
 312.70     1.206    34.684
 287.60     1.178    34.676
 262.60     1.122    34.665
 238.20     1.064    34.654
 213.10     1.060    34.643
 195.70     1.057    34.634
 185.60     1.045    34.626
 175.50     1.009    34.619
 165.70     0.912    34.604
 155.60     0.631    34.571
 145.20     0.437    34.547
 135.00    -0.071    34.503
 125.40    -0.300    34.465
 115.50    -0.551    34.429
 105.40    -0.550    34.417
  95.30    -0.627    34.404
  85.20    -0.947    34.370
  75.30    -1.248    34.325
  65.40    -1.481    34.245
  55.90    -1.728    34.129
  45.40    -1.791    34.099
  35.10    -1.834    34.077
  25.30    -1.851    34.066
  15.40    -1.858    34.062
   9.80    -1.859    34.062
   9.00    -1.859    34.063
   8.20    -1.859    34.062
   7.00    -1.859    34.062
   5.80    -1.859    34.062
   5.00    -1.859    34.062
   4.20    -1.859    34.062
   2.90    -1.859    34.062
   1.80    -1.860    34.062
   1.10    -1.860    34.062
   0.10    -1.860    34.062
  -0.90    -1.861    34.064
