2011.20     0.173    34.670
1988.10     0.186    34.670
1963.10     0.196    34.671
1938.10     0.205    34.671
1912.80     0.214    34.672
1887.50     0.225    34.672
1862.70     0.235    34.673
1837.90     0.243    34.673
1812.70     0.253    34.674
1787.80     0.259    34.673
1763.00     0.269    34.674
1737.90     0.281    34.674
1713.00     0.289    34.675
1687.80     0.299    34.675
1662.90     0.309    34.675
1638.00     0.320    34.676
1613.10     0.333    34.676
1588.30     0.348    34.677
1563.20     0.358    34.677
1538.10     0.369    34.678
1513.00     0.380    34.678
1487.90     0.393    34.679
1462.90     0.405    34.679
1437.70     0.417    34.680
1413.10     0.432    34.681
1388.30     0.452    34.683
1363.10     0.465    34.683
1338.00     0.476    34.684
1312.90     0.492    34.685
1287.80     0.500    34.685
1262.80     0.507    34.685
1237.60     0.520    34.685
1212.40     0.521    34.684
1187.50     0.560    34.688
1162.60     0.582    34.689
1138.40     0.589    34.689
1113.10     0.590    34.688
1088.20     0.610    34.689
1063.20     0.626    34.690
1037.80     0.650    34.692
1012.60     0.673    34.693
 987.90     0.696    34.694
 963.00     0.706    34.694
 937.80     0.715    34.694
 912.80     0.716    34.693
 887.80     0.739    34.694
 862.90     0.757    34.694
 837.80     0.773    34.694
 812.80     0.789    34.694
 787.80     0.788    34.693
 762.60     0.812    34.693
 737.50     0.825    34.693
 713.00     0.846    34.693
 688.20     0.873    34.694
 662.90     0.898    34.694
 637.70     0.941    34.697
 612.80     0.979    34.699
 588.00     1.010    34.700
 563.10     1.017    34.698
 537.90     1.046    34.699
 512.70     1.085    34.700
 488.20     1.143    34.704
 462.80     1.186    34.706
 438.00     1.194    34.704
 412.70     1.166    34.698
 387.90     1.136    34.691
 363.10     1.154    34.688
 337.80     1.135    34.682
 312.50     1.145    34.678
 287.80     1.151    34.673
 263.10     1.036    34.656
 238.80     0.871    34.633
 213.00     0.478    34.589
 195.70     0.105    34.540
 185.40    -0.159    34.518
 175.30    -0.272    34.505
 165.30    -0.465    34.485
 155.40    -0.625    34.467
 145.30    -0.769    34.452
 135.30    -0.947    34.429
 125.50    -1.065    34.406
 115.50    -1.138    34.389
 105.30    -1.231    34.367
  95.70    -1.416    34.343
  85.50    -1.549    34.317
  75.40    -1.579    34.297
  65.30    -1.552    34.271
  55.30    -1.523    34.245
  45.40    -1.327    34.180
  35.60    -0.012    33.774
  26.00     0.074    33.752
  15.10     0.070    33.752
  10.00     0.068    33.752
   8.80     0.068    33.752
   7.70     0.069    33.752
   6.90     0.066    33.753
   5.90     0.066    33.752
   4.90     0.070    33.752
   4.00     0.070    33.751
   2.70     0.066    33.754
   2.10     0.066    33.753
   1.30     0.066    33.752
   0.40     0.066    33.753
