1976.30     0.182    34.666
1963.60     0.188    34.666
1938.10     0.200    34.667
1912.90     0.212    34.668
1887.70     0.222    34.668
1863.50     0.233    34.669
1838.30     0.239    34.669
1813.10     0.251    34.669
1788.10     0.259    34.670
1763.00     0.269    34.670
1738.10     0.280    34.671
1713.20     0.291    34.671
1688.00     0.307    34.672
1663.00     0.320    34.672
1638.00     0.333    34.673
1612.70     0.345    34.673
1587.70     0.357    34.674
1562.70     0.367    34.674
1537.90     0.379    34.675
1513.20     0.392    34.675
1488.10     0.402    34.675
1463.90     0.410    34.675
1437.70     0.418    34.676
1412.70     0.429    34.676
1387.70     0.448    34.677
1362.90     0.462    34.678
1338.00     0.487    34.680
1313.00     0.488    34.679
1287.90     0.488    34.679
1263.10     0.517    34.681
1237.90     0.533    34.682
1213.00     0.544    34.682
1188.20     0.558    34.683
1163.00     0.576    34.684
1138.80     0.588    34.684
1113.20     0.601    34.684
1088.10     0.623    34.686
1062.90     0.642    34.687
1037.90     0.654    34.687
1013.00     0.669    34.688
 988.30     0.674    34.687
 963.20     0.685    34.687
 937.90     0.690    34.687
 912.80     0.709    34.687
 887.80     0.722    34.687
 863.00     0.748    34.689
 837.90     0.769    34.690
 812.60     0.777    34.689
 787.50     0.783    34.689
 763.20     0.796    34.689
 737.80     0.832    34.690
 712.70     0.863    34.692
 687.80     0.886    34.693
 663.00     0.910    34.694
 637.80     0.934    34.694
 612.80     0.955    34.695
 587.80     0.996    34.697
 562.70     1.017    34.697
 537.40     1.020    34.695
 512.50     1.030    34.693
 487.50     1.032    34.691
 463.20     1.064    34.691
 437.90     1.086    34.691
 412.80     1.067    34.686
 387.80     1.047    34.681
 363.00     1.085    34.680
 338.00     1.096    34.677
 312.80     1.059    34.668
 287.80     0.941    34.653
 263.10     0.787    34.632
 238.00     0.543    34.602
 212.90     0.223    34.565
 195.50    -0.128    34.527
 185.80    -0.200    34.519
 175.40    -0.375    34.499
 165.40    -0.634    34.478
 155.70    -0.863    34.457
 145.80    -0.893    34.440
 135.70    -1.010    34.426
 125.20    -1.104    34.406
 115.20    -1.203    34.388
 105.50    -1.410    34.362
  95.20    -1.501    34.342
  85.00    -1.569    34.319
  75.20    -1.594    34.300
  65.30    -1.555    34.259
  55.30    -1.376    34.166
  45.40    -0.675    33.957
  36.00     0.638    33.645
  25.60     0.642    33.651
  15.60     0.644    33.651
  10.20     0.649    33.651
   9.00     0.650    33.652
   7.90     0.656    33.652
   6.80     0.656    33.650
   5.90     0.653    33.652
   4.90     0.653    33.652
   3.90     0.656    33.650
   3.00     0.659    33.647
   1.80     0.659    33.649
   0.80     0.660    33.649
   0.20     0.658    33.652
