1262.90     5.486    34.901
1237.50     5.601    34.905
1212.70     5.719    34.907
1188.10     5.842    34.912
1163.30     5.939    34.917
1138.20     6.045    34.921
1113.10     6.223    34.931
1088.20     6.367    34.938
1062.70     6.526    34.947
1037.50     6.622    34.949
1012.60     6.803    34.958
 987.80     6.935    34.964
 962.90     7.126    34.974
 938.70     7.334    34.986
 912.90     7.504    34.996
 887.60     7.635    34.999
 863.00     7.890    35.013
 838.30     8.111    35.028
 813.00     8.280    35.036
 787.90     8.466    35.043
 762.80     8.640    35.051
 737.80     8.724    35.036
 712.90     8.888    35.035
 687.90     9.040    35.039
 662.90     9.204    35.046
 638.60     9.362    35.050
 612.70     9.565    35.056
 587.70     9.718    35.053
 562.60     9.862    35.052
 537.60    10.035    35.058
 513.00    10.213    35.057
 487.80    10.364    35.059
 462.60    10.522    35.063
 437.70    10.638    35.062
 412.90    10.758    35.062
 387.60    10.917    35.061
 362.70    11.110    35.062
 337.80    11.377    35.070
 313.50    11.674    35.084
 288.00    11.892    35.090
 262.80    12.250    35.099
 237.60    12.789    35.106
 212.70    13.338    35.112
 195.40    13.812    35.120
 185.60    14.168    35.128
 175.20    14.446    35.129
 165.70    14.978    35.121
 155.40    15.461    35.113
 145.10    16.090    35.044
 135.40    16.814    34.915
 125.40    17.222    34.919
 115.30    18.883    34.910
 105.50    21.356    34.750
  95.80    25.287    34.978
  85.30    26.750    35.057
  75.80    28.968    34.990
  66.10    29.726    35.000
  55.80    29.801    34.999
  45.70    29.865    34.969
  35.70    29.880    34.897
  25.40    30.166    34.746
  15.50    30.325    34.684
  10.20    30.324    34.678
   9.20    30.324    34.677
   8.20    30.326    34.676
   7.20    30.298    34.651
   6.20    30.296    34.628
   5.20    30.288    34.619
   4.30    30.274    34.593
   2.90    30.247    34.600
   1.70    30.227    34.573
   1.10    30.219    34.556
   0.40    30.219    34.550
