1977.40     2.959    34.817
1963.30     3.007    34.820
1937.40     3.067    34.823
1912.60     3.122    34.824
1887.90     3.221    34.833
1863.40     3.320    34.841
1837.70     3.437    34.850
1812.80     3.545    34.858
1787.60     3.645    34.865
1762.60     3.755    34.873
1737.70     3.832    34.878
1712.70     3.912    34.880
1687.60     3.987    34.883
1662.80     4.093    34.892
1637.70     4.171    34.897
1613.40     4.253    34.898
1587.80     4.337    34.900
1563.00     4.480    34.912
1537.90     4.656    34.924
1512.60     4.769    34.932
1488.00     4.877    34.939
1462.90     5.053    34.957
1437.70     5.217    34.972
1412.90     5.383    34.988
1387.60     5.524    35.000
1362.70     5.587    34.996
1338.20     5.694    35.002
1312.80     5.918    35.029
1288.50     6.120    35.049
1262.80     6.230    35.051
1238.00     6.390    35.065
1213.10     6.552    35.079
1188.40     6.743    35.099
1163.00     6.865    35.107
1137.70     7.073    35.130
1112.50     7.224    35.143
1087.70     7.389    35.155
1062.70     7.490    35.153
1037.50     7.684    35.172
1012.80     7.880    35.191
 988.30     8.191    35.232
 963.20     8.354    35.243
 938.70     8.430    35.238
 913.00     8.698    35.267
 888.00     9.063    35.320
 863.20     9.290    35.350
 838.30     9.404    35.352
 812.90     9.607    35.365
 787.70     9.800    35.384
 763.10    10.039    35.411
 737.80    10.167    35.417
 712.80    10.365    35.426
 688.10    10.706    35.467
 663.20    10.938    35.493
 638.00    11.109    35.499
 612.90    11.172    35.489
 588.10    11.218    35.472
 562.80    11.352    35.478
 537.70    11.554    35.496
 513.30    11.682    35.484
 488.00    11.796    35.460
 463.00    11.968    35.447
 437.80    12.167    35.446
 412.90    12.364    35.444
 388.10    12.643    35.470
 362.90    12.961    35.499
 337.50    13.408    35.543
 313.00    13.771    35.547
 288.10    14.118    35.494
 263.40    14.296    35.401
 238.30    14.984    35.409
 213.20    15.607    35.374
 195.40    16.213    35.371
 185.70    16.593    35.369
 175.10    17.502    35.369
 165.10    18.141    35.345
 155.20    18.613    35.367
 145.00    19.026    35.385
 135.50    20.283    35.493
 125.50    21.827    35.740
 115.50    22.886    35.817
 105.50    23.855    35.897
  96.00    24.447    35.845
  85.70    25.392    35.910
  75.60    26.744    36.068
  65.30    27.414    36.082
  55.40    27.905    35.899
  45.50    28.784    35.498
  35.40    29.707    35.394
  25.30    29.913    35.314
  15.70    30.133    34.846
   9.80    30.225    34.727
   8.90    30.226    34.727
   8.00    30.225    34.727
   7.20    30.227    34.726
   5.90    30.228    34.726
   4.80    30.224    34.725
   4.00    30.226    34.725
   2.80    30.223    34.726
   1.70    30.213    34.732
   0.80    30.218    34.726
   0.20    30.213    34.730
