2007.70     3.135    34.826
1987.60     3.182    34.829
1962.80     3.262    34.834
1938.30     3.330    34.838
1913.30     3.422    34.844
1888.00     3.523    34.853
1862.70     3.633    34.862
1837.60     3.736    34.868
1812.60     3.852    34.876
1788.00     3.989    34.887
1762.90     4.082    34.891
1737.50     4.176    34.897
1712.60     4.295    34.905
1687.80     4.384    34.910
1662.90     4.495    34.916
1637.90     4.646    34.926
1612.90     4.784    34.937
1588.60     4.914    34.947
1562.80     4.996    34.953
1537.90     5.117    34.960
1512.70     5.252    34.970
1487.50     5.359    34.978
1463.00     5.457    34.985
1438.20     5.584    34.997
1413.10     5.736    35.012
1388.20     5.892    35.027
1363.10     6.050    35.039
1338.10     6.169    35.047
1312.80     6.357    35.065
1288.50     6.512    35.081
1263.00     6.648    35.090
1237.70     6.837    35.111
1212.60     6.986    35.122
1187.60     7.127    35.134
1162.60     7.206    35.133
1137.90     7.274    35.128
1112.90     7.403    35.138
1087.80     7.601    35.160
1063.80     7.781    35.179
1037.70     7.982    35.201
1013.00     8.213    35.229
 988.40     8.371    35.243
 963.00     8.547    35.264
 937.70     8.749    35.282
 913.10     9.012    35.318
 887.70     9.179    35.336
 862.70     9.122    35.293
 837.70     9.261    35.307
 812.60     9.306    35.300
 787.70     9.357    35.286
 762.90     9.645    35.327
 737.80     9.664    35.307
 712.60     9.842    35.310
 688.40    10.224    35.370
 662.50    10.655    35.440
 637.50    10.942    35.465
 612.40    11.147    35.480
 587.50    11.251    35.466
 563.10    11.382    35.465
 537.90    11.445    35.447
 512.90    11.550    35.440
 487.80    11.674    35.433
 462.50    11.785    35.439
 437.60    12.124    35.489
 412.60    12.321    35.508
 388.20    12.662    35.547
 363.30    12.654    35.470
 338.40    12.900    35.451
 313.10    13.258    35.464
 287.80    13.560    35.456
 262.60    14.080    35.482
 237.20    14.964    35.551
 213.90    16.356    35.680
 195.20    17.431    35.766
 185.20    18.096    35.770
 175.50    18.397    35.696
 165.50    19.262    35.736
 155.40    19.880    35.749
 145.30    21.077    35.870
 135.40    22.083    35.993
 125.20    23.263    36.052
 116.00    24.452    35.966
 105.70    24.272    35.609
  95.50    24.834    35.531
  85.30    26.329    35.689
  75.70    27.890    36.009
  64.90    28.073    35.904
  55.30    27.821    35.616
  45.40    27.836    35.612
  35.40    27.877    35.617
  25.00    27.905    35.618
  15.30    27.874    35.556
  10.30    27.872    35.518
   8.90    27.924    35.516
   7.70    27.973    35.508
   6.90    27.974    35.516
   6.10    27.974    35.517
   5.20    27.973    35.517
   4.00    27.973    35.515
   2.90    27.971    35.515
   2.10    27.970    35.516
   1.00    27.972    35.514
   0.30    27.967    35.519
