1962.10     3.165    34.825
1937.80     3.236    34.830
1913.10     3.316    34.837
1887.90     3.398    34.844
1862.60     3.493    34.851
1837.50     3.632    34.863
1812.40     3.752    34.872
1788.00     3.853    34.880
1762.60     3.923    34.885
1738.00     4.009    34.890
1713.10     4.128    34.897
1687.90     4.237    34.901
1662.50     4.385    34.909
1638.60     4.550    34.921
1613.40     4.671    34.931
1588.40     4.778    34.937
1563.00     4.899    34.945
1537.90     4.996    34.951
1513.00     5.106    34.959
1488.00     5.193    34.965
1462.90     5.323    34.976
1437.80     5.530    34.994
1412.60     5.635    35.001
1387.60     5.756    35.010
1363.00     5.904    35.023
1338.30     6.056    35.036
1313.20     6.171    35.044
1287.90     6.272    35.051
1262.70     6.421    35.068
1237.60     6.592    35.087
1212.80     6.761    35.105
1188.60     6.901    35.118
1162.50     7.112    35.139
1137.60     7.326    35.160
1112.80     7.500    35.179
1087.80     7.668    35.197
1063.10     7.711    35.194
1038.20     7.756    35.189
1013.00     7.817    35.183
 988.00     7.947    35.191
 963.10     8.201    35.223
 938.00     8.491    35.261
 912.70     8.658    35.276
 888.30     8.890    35.300
 862.90     9.064    35.311
 838.40     9.243    35.322
 813.00     9.549    35.361
 787.90     9.624    35.351
 762.70     9.781    35.362
 737.80     9.845    35.346
 712.90     9.983    35.348
 688.00    10.234    35.377
 662.80    10.358    35.376
 637.50    10.316    35.341
 613.00    10.457    35.342
 588.20    10.729    35.375
 563.10    10.908    35.386
 537.90    11.195    35.415
 514.00    11.392    35.423
 487.90    11.597    35.434
 462.50    11.638    35.410
 437.90    11.757    35.412
 413.10    11.953    35.416
 388.00    12.046    35.393
 362.80    12.217    35.391
 337.90    12.511    35.406
 313.20    12.808    35.416
 287.70    13.218    35.433
 262.80    13.697    35.457
 237.80    14.291    35.471
 212.70    15.163    35.548
 195.50    16.287    35.691
 185.60    16.501    35.635
 175.70    16.845    35.616
 165.40    17.268    35.605
 155.10    17.868    35.645
 145.00    18.598    35.704
 135.20    19.588    35.732
 125.20    20.542    35.789
 115.40    21.319    35.839
 105.40    22.473    35.904
  95.20    23.900    35.988
  85.00    24.616    35.945
  75.80    25.449    36.019
  65.40    26.937    36.238
  55.20    27.543    36.030
  45.20    27.628    35.887
  35.30    27.625    35.863
  25.70    27.636    35.859
  15.40    27.659    35.858
   9.90    27.668    35.858
   9.00    27.667    35.858
   8.20    27.667    35.858
   7.30    27.669    35.858
   5.90    27.667    35.858
   4.60    27.668    35.858
   3.60    27.672    35.855
   2.80    27.673    35.857
   2.00    27.675    35.853
   1.10    27.679    35.852
   0.30    27.680    35.857
