1960.00     3.181    34.817
1938.00     3.249    34.823
1912.70     3.328    34.828
1887.80     3.404    34.832
1863.00     3.466    34.836
1838.10     3.517    34.839
1813.00     3.587    34.843
1788.90     3.671    34.849
1762.90     3.756    34.854
1737.70     3.856    34.860
1713.60     3.953    34.867
1688.00     4.072    34.876
1663.30     4.198    34.884
1638.20     4.361    34.894
1612.90     4.498    34.902
1587.80     4.619    34.911
1562.90     4.750    34.921
1538.10     4.861    34.930
1513.30     4.975    34.938
1488.00     5.055    34.939
1463.00     5.114    34.939
1437.90     5.211    34.945
1412.50     5.281    34.944
1387.50     5.376    34.949
1362.60     5.461    34.953
1338.00     5.581    34.959
1312.90     5.675    34.962
1287.60     5.822    34.977
1263.70     5.933    34.987
1237.80     6.159    35.012
1212.60     6.353    35.032
1187.60     6.573    35.061
1162.60     6.822    35.092
1137.90     7.016    35.113
1113.00     7.140    35.119
1088.10     7.360    35.146
1063.10     7.585    35.170
1037.80     7.858    35.203
1012.80     8.092    35.230
 987.80     8.304    35.250
 963.00     8.442    35.256
 938.00     8.585    35.260
 913.00     8.693    35.259
 888.10     8.888    35.280
 862.90     9.041    35.293
 837.70     9.210    35.303
 812.60     9.439    35.327
 787.60     9.585    35.333
 762.80     9.862    35.361
 737.80    10.180    35.391
 712.60    10.367    35.402
 687.90    10.530    35.413
 662.90    10.695    35.419
 637.50    10.818    35.416
 612.40    10.993    35.425
 587.70    11.189    35.433
 563.20    11.345    35.429
 538.00    11.560    35.437
 513.00    11.551    35.400
 487.80    11.684    35.397
 462.50    11.867    35.399
 437.50    11.994    35.394
 412.60    12.070    35.385
 387.50    12.119    35.360
 362.80    12.336    35.365
 338.00    12.524    35.360
 313.50    12.743    35.352
 288.10    13.034    35.360
 262.00    13.433    35.387
 238.20    14.203    35.472
 213.10    15.216    35.529
 195.50    15.718    35.519
 185.80    15.982    35.520
 175.70    16.300    35.527
 165.30    16.561    35.533
 155.50    16.911    35.535
 145.30    17.423    35.538
 135.50    17.547    35.414
 125.60    18.806    35.583
 115.40    20.037    35.691
 105.20    21.085    35.779
  95.10    22.077    35.868
  84.80    23.067    35.939
  75.20    24.096    35.938
  65.80    25.261    36.042
  55.50    26.086    36.141
  45.20    27.232    36.209
  35.90    27.753    36.261
  25.80    27.780    36.256
  15.20    27.854    36.252
  10.10    27.906    36.250
   9.00    27.911    36.251
   7.80    27.903    36.252
   7.00    27.906    36.251
   6.00    27.903    36.251
   4.80    27.906    36.252
   3.90    27.903    36.253
   3.00    27.899    36.252
   1.80    27.902    36.250
   1.10    27.893    36.256
   0.20    27.892    36.253
