1263.20     6.093    35.034
1237.80     6.183    35.039
1212.60     6.331    35.051
1187.70     6.433    35.055
1162.80     6.596    35.072
1137.80     6.845    35.103
1112.90     6.989    35.116
1088.20     7.145    35.130
1062.90     7.358    35.154
1038.20     7.556    35.174
1012.90     7.690    35.181
 987.60     7.819    35.183
 962.90     8.026    35.206
 938.10     8.201    35.225
 912.70     8.421    35.249
 887.60     8.562    35.258
 863.20     8.694    35.259
 838.00     8.909    35.272
 812.70     9.049    35.277
 787.90     9.248    35.295
 762.70     9.351    35.290
 737.50     9.504    35.297
 712.60     9.658    35.311
 687.90     9.897    35.331
 663.20    10.113    35.345
 637.60    10.349    35.350
 612.70    10.648    35.374
 587.80    10.840    35.377
 563.00    10.994    35.370
 538.00    11.141    35.365
 513.00    11.423    35.393
 488.00    11.661    35.411
 462.70    11.734    35.385
 437.80    11.973    35.394
 412.60    12.083    35.369
 387.90    12.268    35.350
 362.90    12.457    35.339
 337.40    12.622    35.326
 312.50    12.949    35.339
 287.40    13.313    35.344
 263.10    13.817    35.353
 238.00    14.464    35.394
 212.40    15.659    35.518
 195.00    16.424    35.539
 185.00    16.872    35.499
 175.50    17.377    35.496
 165.50    18.020    35.465
 155.10    18.700    35.505
 145.50    19.809    35.630
 135.70    21.283    35.757
 125.50    22.470    35.826
 115.20    23.537    35.878
 105.80    24.649    35.959
  95.40    26.040    36.071
  85.20    27.429    36.293
  75.40    28.300    36.478
  65.30    28.520    36.462
  56.10    28.943    36.436
  45.50    29.093    36.436
  35.50    29.127    36.406
  25.60    29.184    36.374
  15.40    29.207    36.374
   9.70    29.206    36.374
   8.80    29.202    36.375
   8.00    29.201    36.375
   7.10    29.202    36.375
   6.00    29.200    36.375
   4.90    29.197    36.375
   4.00    29.194    36.375
   2.90    29.200    36.371
   1.90    29.204    36.370
   0.80    29.197    36.376
   0.20    29.192    36.378
