1008.60     7.987    35.201
1003.50     7.930    35.195
1013.70     7.717    35.173
1013.70     7.918    35.198
1012.80     8.123    35.217
1015.20     7.736    35.176
1010.10     7.985    35.200
1018.60     7.783    35.178
1026.10     7.882    35.189
1025.80     7.778    35.177
1018.80     8.042    35.208
1020.60     7.859    35.187
1021.20     7.849    35.185
1023.50     7.720    35.173
1025.80     7.934    35.195
1023.30     7.748    35.174
1027.90     7.861    35.187
1008.60     7.987    35.201
1003.50     7.930    35.195
1013.70     7.717    35.173
1013.70     7.918    35.198
1012.80     8.123    35.217
1015.20     7.736    35.176
1010.10     7.985    35.200
1018.60     7.783    35.178
1026.10     7.882    35.189
1025.80     7.778    35.177
1018.80     8.042    35.208
1020.60     7.859    35.187
1021.20     7.849    35.185
1023.50     7.720    35.173
1025.80     7.934    35.195
1023.30     7.748    35.174
1027.90     7.861    35.187
