2001.30     2.703    34.788
1989.20     2.735    34.789
1962.90     2.792    34.792
1937.80     2.852    34.795
1913.10     2.917    34.798
1887.80     2.971    34.800
1862.70     3.033    34.803
1837.90     3.091    34.806
1813.50     3.174    34.810
1787.50     3.272    34.814
1762.40     3.336    34.817
1737.50     3.426    34.821
1712.80     3.522    34.826
1688.00     3.583    34.828
1662.80     3.689    34.833
1638.10     3.775    34.837
1612.90     3.875    34.842
1587.80     3.960    34.845
1562.70     4.094    34.851
1537.70     4.237    34.856
1513.60     4.332    34.861
1487.80     4.474    34.867
1462.50     4.607    34.872
1437.40     4.706    34.875
1412.60     4.793    34.878
1387.70     4.894    34.881
1363.00     5.019    34.887
1338.90     5.129    34.892
1313.00     5.235    34.894
1288.10     5.352    34.899
1262.90     5.514    34.905
1237.80     5.727    34.913
1213.30     5.827    34.914
1188.10     5.943    34.918
1163.00     6.048    34.923
1138.30     6.194    34.930
1113.20     6.341    34.938
1087.90     6.484    34.947
1062.80     6.644    34.954
1038.00     6.796    34.961
1013.20     6.898    34.966
 987.70     7.037    34.973
 962.70     7.205    34.986
 937.80     7.379    34.998
 913.20     7.541    35.006
 887.50     7.711    35.017
 862.50     7.880    35.025
 837.40     8.118    35.034
 812.60     8.312    35.037
 787.60     8.491    35.044
 762.30     8.605    35.041
 737.40     8.701    35.035
 712.40     8.849    35.041
 687.80     9.079    35.050
 663.20     9.293    35.053
 638.00     9.465    35.056
 612.80     9.740    35.064
 588.50     9.915    35.066
 563.10    10.071    35.071
 538.10    10.190    35.067
 513.10    10.326    35.060
 487.90    10.464    35.060
 463.00    10.623    35.062
 437.70    10.781    35.062
 412.50    10.921    35.065
 387.90    11.130    35.071
 364.00    11.347    35.076
 338.50    11.633    35.082
 313.00    11.803    35.083
 287.60    12.135    35.097
 262.70    12.520    35.116
 238.00    12.936    35.136
 212.80    13.479    35.147
 195.40    14.065    35.158
 184.90    14.505    35.162
2001.30     2.703    34.788
1989.20     2.735    34.789
1962.90     2.792    34.792
1937.80     2.852    34.795
1913.10     2.917    34.798
1887.80     2.971    34.800
1862.70     3.033    34.803
1837.90     3.091    34.806
1813.50     3.174    34.810
1787.50     3.272    34.814
1762.40     3.336    34.817
1737.50     3.426    34.821
1712.80     3.522    34.826
1688.00     3.583    34.828
1662.80     3.689    34.833
1638.10     3.775    34.837
1612.90     3.875    34.842
1587.80     3.960    34.845
1562.70     4.094    34.851
1537.70     4.237    34.856
1513.60     4.332    34.861
1487.80     4.474    34.867
1462.50     4.607    34.872
1437.40     4.706    34.875
1412.60     4.793    34.878
1387.70     4.894    34.881
1363.00     5.019    34.887
1338.90     5.129    34.892
1313.00     5.235    34.894
1288.10     5.352    34.899
1262.90     5.514    34.905
1237.80     5.727    34.913
1213.30     5.827    34.914
1188.10     5.943    34.918
1163.00     6.048    34.923
1138.30     6.194    34.930
1113.20     6.341    34.938
1087.90     6.484    34.947
1062.80     6.644    34.954
1038.00     6.796    34.961
1013.20     6.898    34.966
 987.70     7.037    34.973
 962.70     7.205    34.986
 937.80     7.379    34.998
 913.20     7.541    35.006
 887.50     7.711    35.017
 862.50     7.880    35.025
 837.40     8.118    35.034
 812.60     8.312    35.037
 787.60     8.491    35.044
 762.30     8.605    35.041
 737.40     8.701    35.035
 712.40     8.849    35.041
 687.80     9.079    35.050
 663.20     9.293    35.053
 638.00     9.465    35.056
 612.80     9.740    35.064
 588.50     9.915    35.066
 563.10    10.071    35.071
 538.10    10.190    35.067
 513.10    10.326    35.060
 487.90    10.464    35.060
 463.00    10.623    35.062
 437.70    10.781    35.062
 412.50    10.921    35.065
 387.90    11.130    35.071
 364.00    11.347    35.076
 338.50    11.633    35.082
 313.00    11.803    35.083
 287.60    12.135    35.097
 262.70    12.520    35.116
 238.00    12.936    35.136
 212.80    13.479    35.147
 195.40    14.065    35.158
 184.90    14.505    35.162
