2008.50     2.725    34.797
1987.80     2.774    34.801
1962.50     2.809    34.802
1937.40     2.864    34.806
1913.40     2.909    34.809
1887.90     2.968    34.812
1862.70     3.086    34.822
1837.70     3.204    34.830
1812.90     3.290    34.837
1788.00     3.380    34.842
1762.60     3.498    34.850
1737.60     3.618    34.862
1712.90     3.656    34.859
1688.30     3.704    34.859
1662.90     3.769    34.862
1637.70     3.904    34.873
1612.70     4.017    34.882
1588.40     4.129    34.890
1563.00     4.295    34.901
1538.10     4.449    34.910
1513.00     4.562    34.918
1487.80     4.741    34.934
1462.70     4.931    34.951
1438.20     5.037    34.958
1412.60     5.195    34.970
1387.80     5.306    34.978
1362.70     5.520    34.994
1338.00     5.723    35.011
1313.10     5.888    35.026
1288.10     6.090    35.045
1263.10     6.254    35.060
1237.70     6.422    35.078
1212.90     6.664    35.102
1187.80     6.842    35.119
1163.00     7.046    35.138
1138.20     7.224    35.156
1113.10     7.393    35.172
1088.00     7.499    35.182
1063.10     7.625    35.189
1037.90     7.785    35.197
1013.10     7.928    35.207
 987.70     8.091    35.225
 962.70     8.264    35.241
 938.20     8.500    35.267
 912.60     8.694    35.286
 887.90     8.930    35.308
 863.10     9.162    35.329
 838.00     9.406    35.351
 813.00     9.656    35.370
 788.10    10.006    35.415
 762.90    10.243    35.441
 737.40    10.397    35.455
 712.50    10.552    35.453
 687.70    10.775    35.460
 663.00    10.972    35.460
 638.10    11.101    35.456
 613.50    11.273    35.467
 587.90    11.399    35.464
 562.90    11.524    35.459
 538.00    11.603    35.440
 512.90    11.542    35.385
 488.00    11.680    35.372
 462.80    11.575    35.311
 438.10    11.562    35.265
 412.90    11.663    35.223
 388.20    11.785    35.215
 363.00    11.873    35.198
 337.80    12.146    35.217
 312.50    12.449    35.229
 287.20    12.809    35.238
 262.60    13.220    35.252
 238.30    14.020    35.291
 213.30    15.017    35.285
 195.30    15.852    35.291
 185.40    16.364    35.330
 175.50    16.959    35.354
 165.20    17.581    35.319
 155.30    18.493    35.389
 145.50    19.098    35.435
 135.50    20.247    35.485
 125.40    21.423    35.469
 115.40    22.737    35.688
 105.20    24.217    35.903
  95.50    25.779    36.124
  85.30    26.728    36.282
  75.40    27.202    36.313
  65.20    27.825    36.171
  56.10    29.415    35.756
  45.80    29.497    35.725
  35.60    29.498    35.725
  25.40    29.497    35.725
  15.10    29.494    35.724
   9.60    29.494    35.724
   8.50    29.494    35.724
   7.60    29.494    35.724
   6.60    29.495    35.724
   5.70    29.494    35.724
   4.80    29.493    35.725
   3.90    29.497    35.722
   3.00    29.500    35.721
   2.20    29.504    35.719
   0.90    29.501    35.722
   0.20    29.504    35.718
2008.50     2.725    34.797
1987.80     2.774    34.801
1962.50     2.809    34.802
1937.40     2.864    34.806
1913.40     2.909    34.809
1887.90     2.968    34.812
1862.70     3.086    34.822
1837.70     3.204    34.830
1812.90     3.290    34.837
1788.00     3.380    34.842
1762.60     3.498    34.850
1737.60     3.618    34.862
1712.90     3.656    34.859
1688.30     3.704    34.859
1662.90     3.769    34.862
1637.70     3.904    34.873
1612.70     4.017    34.882
1588.40     4.129    34.890
1563.00     4.295    34.901
1538.10     4.449    34.910
1513.00     4.562    34.918
1487.80     4.741    34.934
1462.70     4.931    34.951
1438.20     5.037    34.958
1412.60     5.195    34.970
1387.80     5.306    34.978
1362.70     5.520    34.994
1338.00     5.723    35.011
1313.10     5.888    35.026
1288.10     6.090    35.045
1263.10     6.254    35.060
1237.70     6.422    35.078
1212.90     6.664    35.102
1187.80     6.842    35.119
1163.00     7.046    35.138
1138.20     7.224    35.156
1113.10     7.393    35.172
1088.00     7.499    35.182
1063.10     7.625    35.189
1037.90     7.785    35.197
1013.10     7.928    35.207
 987.70     8.091    35.225
 962.70     8.264    35.241
 938.20     8.500    35.267
 912.60     8.694    35.286
 887.90     8.930    35.308
 863.10     9.162    35.329
 838.00     9.406    35.351
 813.00     9.656    35.370
 788.10    10.006    35.415
 762.90    10.243    35.441
 737.40    10.397    35.455
 712.50    10.552    35.453
 687.70    10.775    35.460
 663.00    10.972    35.460
 638.10    11.101    35.456
 613.50    11.273    35.467
 587.90    11.399    35.464
 562.90    11.524    35.459
 538.00    11.603    35.440
 512.90    11.542    35.385
 488.00    11.680    35.372
 462.80    11.575    35.311
 438.10    11.562    35.265
 412.90    11.663    35.223
 388.20    11.785    35.215
 363.00    11.873    35.198
 337.80    12.146    35.217
 312.50    12.449    35.229
 287.20    12.809    35.238
 262.60    13.220    35.252
 238.30    14.020    35.291
 213.30    15.017    35.285
 195.30    15.852    35.291
 185.40    16.364    35.330
 175.50    16.959    35.354
 165.20    17.581    35.319
 155.30    18.493    35.389
 145.50    19.098    35.435
 135.50    20.247    35.485
 125.40    21.423    35.469
 115.40    22.737    35.688
 105.20    24.217    35.903
  95.50    25.779    36.124
  85.30    26.728    36.282
  75.40    27.202    36.313
  65.20    27.825    36.171
  56.10    29.415    35.756
  45.80    29.497    35.725
  35.60    29.498    35.725
  25.40    29.497    35.725
  15.10    29.494    35.724
   9.60    29.494    35.724
   8.50    29.494    35.724
   7.60    29.494    35.724
   6.60    29.495    35.724
   5.70    29.494    35.724
   4.80    29.493    35.725
   3.90    29.497    35.722
   3.00    29.500    35.721
   2.20    29.504    35.719
   0.90    29.501    35.722
   0.20    29.504    35.718
