2002.20     2.767    34.804
1988.40     2.802    34.806
1962.90     2.838    34.809
1937.80     2.874    34.811
1912.70     2.939    34.815
1887.60     3.019    34.819
1862.70     3.128    34.827
1837.90     3.197    34.830
1813.40     3.291    34.834
1788.30     3.407    34.843
1762.90     3.482    34.849
1737.70     3.569    34.855
1712.90     3.675    34.862
1687.70     3.744    34.863
1662.50     3.813    34.867
1637.50     3.859    34.868
1612.90     3.959    34.875
1587.60     4.066    34.882
1562.60     4.236    34.894
1538.00     4.366    34.904
1513.20     4.498    34.914
1488.10     4.681    34.929
1463.00     4.807    34.938
1437.80     4.959    34.950
1412.90     5.105    34.963
1388.00     5.240    34.976
1362.70     5.347    34.981
1338.30     5.510    34.994
1313.20     5.634    35.002
1288.30     5.817    35.018
1263.10     5.980    35.035
1237.80     6.171    35.055
1212.60     6.371    35.073
1187.90     6.611    35.097
1163.10     6.743    35.109
1138.00     6.883    35.124
1112.90     6.947    35.121
1088.10     7.086    35.132
1063.10     7.357    35.158
1038.10     7.660    35.188
1013.30     7.846    35.195
 988.20     8.058    35.215
 963.30     8.348    35.249
 938.20     8.485    35.259
 912.90     8.594    35.269
 888.10     8.792    35.285
 863.00     8.946    35.298
 837.70     9.138    35.314
 812.70     9.345    35.327
 788.10     9.968    35.414
 763.20    10.057    35.393
 737.80    10.395    35.432
 713.00    10.565    35.448
 688.00    10.789    35.473
 663.50    10.934    35.473
 637.60    11.079    35.479
 613.00    11.187    35.481
 588.40    11.265    35.459
 563.00    11.250    35.426
 537.80    11.309    35.405
 513.10    11.359    35.373
 488.20    11.701    35.423
 463.20    11.765    35.409
 437.60    11.983    35.430
 412.30    12.178    35.423
 387.70    12.225    35.372
 363.50    12.299    35.320
 338.00    12.877    35.366
 312.80    12.969    35.301
 287.60    13.556    35.278
 263.30    14.056    35.285
 238.10    14.640    35.299
 212.80    15.588    35.324
 195.50    16.440    35.367
 185.40    16.951    35.361
 175.60    17.507    35.324
 165.50    18.210    35.377
 155.60    18.927    35.378
 145.90    19.329    35.306
 135.40    20.804    35.526
 125.10    21.210    35.368
 115.60    22.744    35.504
 105.60    24.524    35.762
  95.70    25.853    35.868
  85.30    27.019    36.010
  75.40    27.942    36.049
  65.30    28.228    35.894
  55.30    28.407    35.657
  45.70    29.346    35.682
  35.30    29.885    35.298
  25.20    30.032    35.010
  15.40    30.062    34.900
  10.10    30.059    34.899
   8.90    30.060    34.898
   7.90    30.060    34.898
   6.80    30.057    34.899
   5.90    30.056    34.899
   4.90    30.056    34.899
   3.80    30.055    34.899
   2.90    30.059    34.897
   1.90    30.059    34.898
   1.00    30.054    34.901
   0.40    30.049    34.904
2002.20     2.767    34.804
1988.40     2.802    34.806
1962.90     2.838    34.809
1937.80     2.874    34.811
1912.70     2.939    34.815
1887.60     3.019    34.819
1862.70     3.128    34.827
1837.90     3.197    34.830
1813.40     3.291    34.834
1788.30     3.407    34.843
1762.90     3.482    34.849
1737.70     3.569    34.855
1712.90     3.675    34.862
1687.70     3.744    34.863
1662.50     3.813    34.867
1637.50     3.859    34.868
1612.90     3.959    34.875
1587.60     4.066    34.882
1562.60     4.236    34.894
1538.00     4.366    34.904
1513.20     4.498    34.914
1488.10     4.681    34.929
1463.00     4.807    34.938
1437.80     4.959    34.950
1412.90     5.105    34.963
1388.00     5.240    34.976
1362.70     5.347    34.981
1338.30     5.510    34.994
1313.20     5.634    35.002
1288.30     5.817    35.018
1263.10     5.980    35.035
1237.80     6.171    35.055
1212.60     6.371    35.073
1187.90     6.611    35.097
1163.10     6.743    35.109
1138.00     6.883    35.124
1112.90     6.947    35.121
1088.10     7.086    35.132
1063.10     7.357    35.158
1038.10     7.660    35.188
1013.30     7.846    35.195
 988.20     8.058    35.215
 963.30     8.348    35.249
 938.20     8.485    35.259
 912.90     8.594    35.269
 888.10     8.792    35.285
 863.00     8.946    35.298
 837.70     9.138    35.314
 812.70     9.345    35.327
 788.10     9.968    35.414
 763.20    10.057    35.393
 737.80    10.395    35.432
 713.00    10.565    35.448
 688.00    10.789    35.473
 663.50    10.934    35.473
 637.60    11.079    35.479
 613.00    11.187    35.481
 588.40    11.265    35.459
 563.00    11.250    35.426
 537.80    11.309    35.405
 513.10    11.359    35.373
 488.20    11.701    35.423
 463.20    11.765    35.409
 437.60    11.983    35.430
 412.30    12.178    35.423
 387.70    12.225    35.372
 363.50    12.299    35.320
 338.00    12.877    35.366
 312.80    12.969    35.301
 287.60    13.556    35.278
 263.30    14.056    35.285
 238.10    14.640    35.299
 212.80    15.588    35.324
 195.50    16.440    35.367
 185.40    16.951    35.361
 175.60    17.507    35.324
 165.50    18.210    35.377
 155.60    18.927    35.378
 145.90    19.329    35.306
 135.40    20.804    35.526
 125.10    21.210    35.368
 115.60    22.744    35.504
 105.60    24.524    35.762
  95.70    25.853    35.868
  85.30    27.019    36.010
  75.40    27.942    36.049
  65.30    28.228    35.894
  55.30    28.407    35.657
  45.70    29.346    35.682
  35.30    29.885    35.298
  25.20    30.032    35.010
  15.40    30.062    34.900
  10.10    30.059    34.899
   8.90    30.060    34.898
   7.90    30.060    34.898
   6.80    30.057    34.899
   5.90    30.056    34.899
   4.90    30.056    34.899
   3.80    30.055    34.899
   2.90    30.059    34.897
   1.90    30.059    34.898
   1.00    30.054    34.901
   0.40    30.049    34.904
