1958.50     2.891    34.806
1938.40     2.919    34.808
1912.90     2.944    34.810
1887.60     3.059    34.819
1862.70     3.139    34.824
1837.90     3.194    34.827
1813.20     3.296    34.836
1787.70     3.371    34.842
1762.90     3.440    34.847
1738.20     3.540    34.854
1713.00     3.668    34.863
1687.60     3.798    34.874
1662.50     3.903    34.877
1637.60     3.958    34.875
1612.80     4.088    34.884
1588.00     4.285    34.901
1562.90     4.438    34.912
1538.10     4.649    34.930
1512.90     4.811    34.943
1487.80     4.883    34.945
1463.00     5.076    34.957
1437.80     5.236    34.969
1413.00     5.381    34.980
1387.80     5.465    34.984
1362.70     5.651    35.004
1337.60     5.846    35.021
1312.70     6.002    35.035
1288.80     6.139    35.049
1263.30     6.349    35.070
1238.30     6.509    35.087
1213.30     6.653    35.100
1187.80     6.783    35.112
1162.90     6.989    35.132
1137.90     7.136    35.147
1112.80     7.274    35.161
1087.90     7.432    35.174
1063.00     7.622    35.185
1038.00     7.894    35.206
1012.90     8.071    35.221
 987.50     8.278    35.241
 962.40     8.477    35.263
 937.90     8.645    35.277
 913.00     8.818    35.289
 887.70     9.093    35.321
 862.80     9.259    35.334
 837.90     9.426    35.346
 813.20     9.590    35.360
 787.70     9.661    35.352
 762.90     9.838    35.360
 738.10    10.107    35.387
 712.80    10.366    35.412
 687.70    10.576    35.431
 662.50    10.732    35.431
 638.20    10.536    35.340
 612.90    10.739    35.344
 587.90    11.013    35.348
 562.70    11.122    35.335
 537.90    11.226    35.317
 512.80    11.234    35.286
 487.90    11.257    35.250
 463.00    11.343    35.230
 437.60    11.466    35.221
 412.80    11.627    35.219
 387.80    11.854    35.217
 362.80    12.055    35.222
 337.60    12.306    35.230
 313.40    12.608    35.242
 288.10    12.870    35.248
 263.00    13.517    35.264
 238.30    14.226    35.269
 213.00    15.169    35.283
 195.30    16.134    35.314
 185.30    16.986    35.337
 175.20    18.004    35.391
 165.30    18.876    35.437
 154.90    19.773    35.473
 145.60    20.664    35.537
 135.40    22.153    35.755
 125.50    23.983    35.981
 115.60    25.182    36.153
 105.60    26.022    36.247
  95.40    26.698    36.237
  85.80    28.338    36.254
  75.80    28.486    36.225
  65.70    28.479    36.211
  55.50    28.482    36.206
  45.30    28.506    36.197
  35.40    28.515    36.193
  25.70    28.518    36.189
  15.40    28.520    36.187
   9.50    28.519    36.188
   8.40    28.516    36.187
   7.30    28.518    36.187
   6.20    28.516    36.188
   5.20    28.515    36.187
   3.90    28.518    36.187
   2.70    28.517    36.187
   2.00    28.516    36.188
   1.30    28.502    36.197
   0.40    28.506    36.189
1958.50     2.891    34.806
1938.40     2.919    34.808
1912.90     2.944    34.810
1887.60     3.059    34.819
1862.70     3.139    34.824
1837.90     3.194    34.827
1813.20     3.296    34.836
1787.70     3.371    34.842
1762.90     3.440    34.847
1738.20     3.540    34.854
1713.00     3.668    34.863
1687.60     3.798    34.874
1662.50     3.903    34.877
1637.60     3.958    34.875
1612.80     4.088    34.884
1588.00     4.285    34.901
1562.90     4.438    34.912
1538.10     4.649    34.930
1512.90     4.811    34.943
1487.80     4.883    34.945
1463.00     5.076    34.957
1437.80     5.236    34.969
1413.00     5.381    34.980
1387.80     5.465    34.984
1362.70     5.651    35.004
1337.60     5.846    35.021
1312.70     6.002    35.035
1288.80     6.139    35.049
1263.30     6.349    35.070
1238.30     6.509    35.087
1213.30     6.653    35.100
1187.80     6.783    35.112
1162.90     6.989    35.132
1137.90     7.136    35.147
1112.80     7.274    35.161
1087.90     7.432    35.174
1063.00     7.622    35.185
1038.00     7.894    35.206
1012.90     8.071    35.221
 987.50     8.278    35.241
 962.40     8.477    35.263
 937.90     8.645    35.277
 913.00     8.818    35.289
 887.70     9.093    35.321
 862.80     9.259    35.334
 837.90     9.426    35.346
 813.20     9.590    35.360
 787.70     9.661    35.352
 762.90     9.838    35.360
 738.10    10.107    35.387
 712.80    10.366    35.412
 687.70    10.576    35.431
 662.50    10.732    35.431
 638.20    10.536    35.340
 612.90    10.739    35.344
 587.90    11.013    35.348
 562.70    11.122    35.335
 537.90    11.226    35.317
 512.80    11.234    35.286
 487.90    11.257    35.250
 463.00    11.343    35.230
 437.60    11.466    35.221
 412.80    11.627    35.219
 387.80    11.854    35.217
 362.80    12.055    35.222
 337.60    12.306    35.230
 313.40    12.608    35.242
 288.10    12.870    35.248
 263.00    13.517    35.264
 238.30    14.226    35.269
 213.00    15.169    35.283
 195.30    16.134    35.314
 185.30    16.986    35.337
 175.20    18.004    35.391
 165.30    18.876    35.437
 154.90    19.773    35.473
 145.60    20.664    35.537
 135.40    22.153    35.755
 125.50    23.983    35.981
 115.60    25.182    36.153
 105.60    26.022    36.247
  95.40    26.698    36.237
  85.80    28.338    36.254
  75.80    28.486    36.225
  65.70    28.479    36.211
  55.50    28.482    36.206
  45.30    28.506    36.197
  35.40    28.515    36.193
  25.70    28.518    36.189
  15.40    28.520    36.187
   9.50    28.519    36.188
   8.40    28.516    36.187
   7.30    28.518    36.187
   6.20    28.516    36.188
   5.20    28.515    36.187
   3.90    28.518    36.187
   2.70    28.517    36.187
   2.00    28.516    36.188
   1.30    28.502    36.197
   0.40    28.506    36.189
