2004.60     3.076    34.820
1988.10     3.118    34.822
1963.00     3.174    34.826
1938.10     3.235    34.831
1912.80     3.389    34.846
1887.70     3.484    34.854
1863.70     3.574    34.862
1838.20     3.660    34.867
1813.10     3.732    34.872
1787.90     3.805    34.878
1762.50     3.890    34.882
1737.60     3.985    34.888
1712.90     4.035    34.892
1688.00     4.103    34.895
1663.00     4.199    34.901
1637.40     4.338    34.910
1612.80     4.495    34.922
1588.20     4.604    34.928
1562.90     4.709    34.934
1537.60     4.859    34.949
1512.50     4.973    34.957
1487.90     5.123    34.971
1462.90     5.228    34.975
1437.80     5.347    34.983
1412.80     5.528    34.999
1388.10     5.677    35.010
1363.10     5.797    35.017
1337.80     5.924    35.025
1312.40     6.061    35.036
1288.00     6.185    35.044
1262.90     6.365    35.061
1237.60     6.554    35.079
1212.60     6.751    35.097
1187.90     6.990    35.121
1163.10     7.126    35.133
1138.30     7.326    35.149
1113.10     7.438    35.148
1087.60     7.584    35.160
1062.60     7.759    35.178
1038.00     7.901    35.189
1013.00     8.070    35.205
 987.70     8.206    35.218
 962.90     8.342    35.224
 937.70     8.555    35.249
 912.70     8.950    35.309
 887.90     9.190    35.336
 863.00     9.225    35.317
 837.70     9.318    35.312
 812.70     9.463    35.320
 787.90     9.760    35.353
 763.20    10.162    35.414
 738.00    10.407    35.437
 712.80    10.573    35.444
 687.90    10.647    35.432
 662.70    10.841    35.444
 637.40    11.065    35.469
 613.20    11.287    35.491
 587.80    11.381    35.484
 562.80    11.575    35.481
 538.10    11.762    35.490
 513.40    11.933    35.490
 488.00    12.052    35.478
 462.80    12.267    35.477
 437.90    12.473    35.484
 413.30    12.768    35.506
 388.20    13.006    35.505
 363.10    13.200    35.495
 337.70    13.453    35.485
 312.90    13.702    35.462
 288.20    14.327    35.521
 262.70    15.357    35.611
 237.70    15.641    35.439
 212.30    16.365    35.380
 195.70    17.188    35.390
 185.60    17.911    35.400
 175.70    18.568    35.424
 165.20    19.473    35.485
 155.00    20.289    35.516
 144.90    21.222    35.555
 135.10    21.947    35.570
 125.60    22.771    35.602
 115.70    23.325    35.623
 105.80    24.038    35.692
  95.50    24.649    35.715
  85.40    25.198    35.676
  75.40    26.464    35.829
  65.80    27.942    36.035
  55.40    28.466    35.999
  45.50    28.837    36.056
  35.20    29.008    36.006
  24.80    29.134    35.625
  15.50    29.204    35.314
   9.60    29.205    35.314
   8.60    29.204    35.314
   7.60    29.204    35.314
   6.70    29.203    35.314
   5.80    29.203    35.314
   4.90    29.202    35.314
   4.10    29.203    35.313
   2.90    29.201    35.313
   1.80    29.202    35.314
   0.90    29.198    35.315
   0.20    29.188    35.322
